180 2
0.0 0.009759183 
1.0 0.009759183 
1.0 0.013529462 
1.0 0.009790354 
1.0 0.010588958 
1.0 0.026005633 
1.0 0.019515352 
1.0 0.0151262395 
1.0 0.014926944 
1.0 0.013620732 
1.0 0.012392505 
1.0 0.012151075 
1.0 0.016197195 
1.0 0.013558709 
1.0 0.021278357 
1.0 0.011638683 
1.0 0.009400175 
1.0 0.016649462 
1.0 0.011102717 
1.0 0.018123839 
1.0 0.011780705 
1.0 0.014181477 
1.0 0.019347208 
1.0 0.013667544 
1.0 0.013110727 
1.0 0.017751614 
1.0 0.015051848 
1.0 0.016206004 
1.0 0.010713657 
1.0 0.024421392 
1.0 0.011216868 
1.0 0.00937181 
1.0 0.01744508 
1.0 0.009709262 
1.0 0.016484847 
1.0 0.010656133 
1.0 0.013403153 
1.0 0.015770784 
1.0 0.014274854 
1.0 0.01940927 
1.0 0.012874369 
1.0 0.0126667945 
1.0 0.014394429 
1.0 0.01143887 
1.0 0.017840309 
1.0 0.018037345 
1.0 0.012511069 
1.0 0.013834754 
1.0 0.012890203 
1.0 0.010216666 
1.0 0.01851626 
1.0 0.013117066 
1.0 0.012934619 
1.0 0.009275126 
1.0 0.014092204 
1.0 0.01196879 
1.0 0.011659429 
1.0 0.013234224 
1.0 0.014502017 
1.0 0.008935057 
1.0 0.009030906 
1.0 0.010218165 
1.0 0.010813234 
1.0 0.011279217 
1.0 0.0100888 
1.0 0.014969098 
1.0 0.009133265 
1.0 0.0155971525 
1.0 0.014721468 
1.0 0.012389079 
1.0 0.012767353 
1.0 0.019645995 
1.0 0.022356205 
1.0 0.017594129 
1.0 0.0126805715 
1.0 0.019806134 
1.0 0.018534122 
1.0 0.01588152 
1.0 0.020632459 
1.0 0.010887868 
1.0 0.010764681 
1.0 0.012945017 
1.0 0.012514622 
1.0 0.013207406 
1.0 0.016398296 
1.0 0.013946498 
1.0 0.013338618 
1.0 0.021337569 
1.0 0.011952707 
1.0 0.010255596 
1.0 0.0142687205 
1.0 0.009799203 
1.0 0.013803111 
1.0 0.016590342 
1.0 0.014567652 
1.0 0.014172165 
1.0 0.009421239 
1.0 0.010569729 
1.0 0.011551473 
1.0 0.026436891 
1.0 0.013483909 
1.0 0.010923321 
1.0 0.009967607 
1.0 0.01747308 
1.0 0.021547941 
1.0 0.011461009 
1.0 0.019298663 
1.0 0.011649652 
1.0 0.021566452 
1.0 0.013126087 
1.0 0.017309882 
1.0 0.018097302 
1.0 0.015400609 
1.0 0.013641757 
1.0 0.01534073 
1.0 0.014222347 
1.0 0.014396451 
1.0 0.01956118 
0.0 0.015669541 
0.0 0.009181953 
0.0 0.011773763 
0.0 0.013846606 
0.0 0.011221347 
0.0 0.024122996 
0.0 0.01577385 
0.0 0.02321796 
0.0 0.011370016 
0.0 0.024465729 
0.0 0.013676778 
0.0 0.014593493 
0.0 0.017661024 
0.0 0.025912914 
0.0 0.012771483 
0.0 0.018450057 
0.0 0.0117498245 
0.0 0.015730279 
0.0 0.011713276 
0.0 0.012009097 
0.0 0.015557988 
0.0 0.016459852 
0.0 0.024926726 
0.0 0.014325633 
0.0 0.017149758 
0.0 0.008839407 
0.0 0.016260384 
0.0 0.024268208 
0.0 0.013452095 
0.0 0.015392989 
0.0 0.008685771 
0.0 0.0103255715 
0.0 0.014421273 
0.0 0.010860409 
0.0 0.01434091 
0.0 0.013001267 
0.0 0.0140658235 
0.0 0.013966169 
0.0 0.012320265 
0.0 0.02120492 
0.0 0.010143379 
0.0 0.014364859 
0.0 0.01801862 
0.0 0.016261496 
0.0 0.013684044 
0.0 0.01429311 
0.0 0.023134764 
0.0 0.015229372 
0.0 0.012234489 
0.0 0.022309326 
0.0 0.009972287 
0.0 0.01141883 
0.0 0.026220735 
0.0 0.011129061 
0.0 0.014649871 
0.0 0.013212753 
0.0 0.026123675 
0.0 0.016655514 
0.0 0.014246241 
0.0 0.014589699 
0.0 0.014995671 
0.0 0.018664805 
