326.3235294117647
310.52941176470586
339.42424242424244
302.65714285714284
280.6923076923077
322.6046511627907
299.18
297.72
307.84375
332.9655172413793
266.51020408163265
262.0208333333333
271.7894736842105
300.6296296296296
286.9591836734694
289.84444444444443
297.8135593220339
273.6923076923077
286.2692307692308
286.26
282.75
304.5238095238095
323.4166666666667
299.96774193548384
283.8780487804878
283.6222222222222
288.0740740740741
298.4193548387097
305.19444444444446
324.87692307692305
278.15
301.3538461538462
295.2121212121212
278.3207547169811
307.2173913043478
288.6792452830189
280.25
307.14285714285717
271.7358490566038
298.3243243243243
285.2857142857143
298.28125
328.6333333333333
264.5416666666667
313.4
294.7659574468085
282.875
270.0217391304348
305.8363636363636
308.26666666666665
298.51785714285717
277.8888888888889
293.26190476190476
274.4166666666667
301.39473684210526
282.4583333333333
303.07894736842104
303.9310344827586
319.35135135135135
280.5609756097561
290.925
313.6666666666667
276.1333333333333
281.95454545454544
267.741935483871
300.95
266.7142857142857
291.9166666666667
298.6857142857143
286.4782608695652
291.17241379310343
273.3076923076923
295.609756097561
317.0408163265306
285.7291666666667
320.1842105263158
279.3414634146341
288.34090909090907
314.5806451612903
289.59090909090907
293.4848484848485
291.61538461538464
266.54716981132077
303.3030303030303
286.9591836734694
290.7894736842105
275.6875
278.6666666666667
280.14285714285717
281.3404255319149
327.0
292.0
313.6666666666667
319.3030303030303
329.8780487804878
298.3142857142857
317.89130434782606
357.84
293.1363636363636
287.2916666666667
332.7
279.93617021276594
340.4237288135593
363.95
348.2631578947368
376.4375
342.04761904761904
301.88524590163934
346.72727272727275
319.95454545454544
296.9024390243902
344.4864864864865
315.0655737704918
398.6
319.82456140350877
320.06060606060606
304.8333333333333
302.55555555555554
326.7096774193548
329.8666666666667
310.15625
341.6727272727273
348.1578947368421
284.95
310.1025641025641
346.0
398.7037037037037
317.5
325.4310344827586
306.75
337.48
303.4642857142857
371.8421052631579
326.06451612903226
297.82978723404256
315.9583333333333
416.05555555555554
306.4418604651163
347.48148148148147
362.2
298.0425531914894
415.37142857142857
317.1111111111111
281.06382978723406
308.57142857142856
391.2352941176471
317.7692307692308
361.7692307692308
308.46666666666664
365.1363636363636
424.4166666666667
317.9818181818182
365.0
316.5263157894737
316.03333333333336
311.57142857142856
340.3181818181818
322.42857142857144
325.02702702702703
328.7608695652174
332.0851063829787
283.44444444444446
321.1714285714286
307.97777777777776
343.6216216216216
307.89285714285717
344.5652173913044
441.93548387096774
336.7037037037037
361.86046511627904
334.7
338.5238095238095
321.4339622641509
321.4310344827586
409.15686274509807
304.1090909090909
327.2826086956522
345.4166666666667
309.85
318.4727272727273
332.9736842105263
347.2307692307692
296.27777777777777
321.6595744680851
