69 2
1.0 0.010103324 
1.0 0.015461807 
1.0 0.019740026 
1.0 0.011567104 
1.0 0.009967515 
1.0 0.0139430845 
1.0 0.01598754 
1.0 0.012486686 
1.0 0.009620847 
1.0 0.022571668 
1.0 0.012895269 
1.0 0.010409312 
1.0 0.012495544 
1.0 0.015145217 
1.0 0.024606872 
1.0 0.013415993 
1.0 0.014507282 
0.0 0.024876636 
0.0 0.014438804 
0.0 0.010270717 
0.0 0.015253311 
0.0 0.010025619 
0.0 0.012791534 
0.0 0.011576714 
0.0 0.011517532 
0.0 0.012860966 
0.0 0.015807388 
0.0 0.013461134 
0.0 0.011734213 
0.0 0.0200947 
0.0 0.017274864 
0.0 0.015471508 
0.0 0.015563508 
0.0 0.014389281 
0.0 0.016527599 
0.0 0.010456687 
0.0 0.016878566 
0.0 0.009651945 
0.0 0.008389098 
0.0 0.023634322 
0.0 0.011546382 
0.0 0.015552374 
0.0 0.03197959 
0.0 0.008230404 
0.0 0.01579384 
0.0 0.012843492 
0.0 0.019945517 
0.0 0.02399919 
0.0 0.016262347 
0.0 0.0104939565 
0.0 0.010025619 
0.0 0.008888003 
0.0 0.0117560215 
0.0 0.012576346 
0.0 0.014494939 
0.0 0.010562066 
0.0 0.009651945 
0.0 0.00992925 
0.0 0.011980332 
0.0 0.012883223 
0.0 0.010455655 
0.0 0.0122141065 
0.0 0.019236194 
0.0 0.013702476 
0.0 0.014340927 
0.0 0.014058016 
0.0 0.018620046 
0.0 0.014992071 
0.0 0.011392295 
