118 2
1.0 0.013957527 
1.0 0.021699516 
1.0 0.015320077 
1.0 0.04935333 
1.0 0.028690217 
1.0 0.013558808 
1.0 0.016314255 
1.0 0.013034098 
1.0 0.010586229 
1.0 0.015659273 
1.0 0.014611938 
1.0 0.022913538 
1.0 0.021270098 
1.0 0.0162076 
1.0 0.017688995 
1.0 0.016556459 
1.0 0.016886314 
1.0 0.015755799 
1.0 0.014039058 
1.0 0.03240653 
1.0 0.010231424 
1.0 0.013450171 
1.0 0.016179742 
1.0 0.015447368 
1.0 0.011960692 
1.0 0.018466733 
1.0 0.017167754 
1.0 0.020947918 
1.0 0.01788848 
1.0 0.017060157 
1.0 0.013630434 
1.0 0.033183224 
1.0 0.013775585 
1.0 0.012897942 
1.0 0.03539833 
1.0 0.018739268 
1.0 0.015269434 
1.0 0.023474125 
0.0 0.021473752 
0.0 0.019093737 
0.0 0.009737699 
0.0 0.011916742 
0.0 0.012254135 
0.0 0.013454524 
0.0 0.01453241 
0.0 0.026228592 
0.0 0.0128061455 
0.0 0.014651189 
0.0 0.008962708 
0.0 0.01097438 
0.0 0.012233306 
0.0 0.012040176 
0.0 0.015319629 
0.0 0.013783177 
0.0 0.016653897 
0.0 0.0155301215 
0.0 0.009565363 
0.0 0.017480465 
0.0 0.0155071 
0.0 0.015382435 
0.0 0.011588393 
0.0 0.0074473713 
0.0 0.012829481 
0.0 0.013908983 
0.0 0.02039738 
0.0 0.0109912 
0.0 0.017596098 
0.0 0.013770026 
0.0 0.015201226 
0.0 0.020787276 
0.0 0.013927291 
0.0 0.01125544 
0.0 0.013005902 
0.0 0.010684366 
0.0 0.011871658 
0.0 0.011466854 
0.0 0.025675727 
0.0 0.010181428 
0.0 0.008521315 
0.0 0.012134199 
0.0 0.022625877 
0.0 0.0141311 
0.0 0.020131411 
0.0 0.012038065 
0.0 0.012022053 
0.0 0.014719937 
0.0 0.013590726 
0.0 0.018794999 
0.0 0.020629646 
0.0 0.010172205 
0.0 0.014214544 
0.0 0.011451679 
0.0 0.018304717 
0.0 0.012644583 
0.0 0.010944617 
0.0 0.010423496 
0.0 0.012548975 
0.0 0.013998009 
0.0 0.020691404 
0.0 0.011968834 
0.0 0.013528352 
0.0 0.018972447 
0.0 0.011989648 
0.0 0.019634724 
0.0 0.015248124 
0.0 0.012203771 
0.0 0.015285312 
0.0 0.009884456 
0.0 0.012506 
0.0 0.010504737 
0.0 0.017025456 
0.0 0.012220943 
0.0 0.0107775815 
0.0 0.009064893 
0.0 0.01892385 
0.0 0.018379016 
0.0 0.024186902 
0.0 0.016397951 
