182 2
0.0 0.02656195 
1.0 0.02656195 
1.0 0.012200146 
1.0 0.012839916 
1.0 0.012545353 
1.0 0.03752604 
1.0 0.008632633 
1.0 0.011613103 
1.0 0.013199646 
1.0 0.025553418 
1.0 0.013435237 
1.0 0.024833256 
1.0 0.019101106 
1.0 0.016756237 
1.0 0.01531521 
1.0 0.025727438 
1.0 0.019323878 
1.0 0.011335655 
1.0 0.024801362 
1.0 0.015578162 
1.0 0.013077941 
1.0 0.015330475 
1.0 0.034199975 
1.0 0.016009089 
1.0 0.015218996 
1.0 0.021696202 
1.0 0.017790467 
1.0 0.01597044 
1.0 0.013158762 
1.0 0.019765344 
1.0 0.012767761 
1.0 0.0126856575 
1.0 0.01484211 
1.0 0.012919469 
1.0 0.010299779 
1.0 0.021869482 
1.0 0.01157235 
1.0 0.013360899 
1.0 0.02061834 
1.0 0.010896752 
1.0 0.025071034 
1.0 0.010547291 
1.0 0.015005592 
1.0 0.012588318 
1.0 0.012876343 
1.0 0.018963058 
1.0 0.0159379 
1.0 0.014434679 
1.0 0.01142701 
1.0 0.016739758 
1.0 0.017124934 
1.0 0.014537823 
1.0 0.018146288 
1.0 0.010426136 
1.0 0.01222327 
1.0 0.015987353 
1.0 0.013346579 
1.0 0.021090252 
1.0 0.017971985 
1.0 0.011869448 
1.0 0.024618514 
1.0 0.014798804 
1.0 0.015746066 
1.0 0.055845913 
1.0 0.0124173835 
1.0 0.015958007 
1.0 0.031456925 
1.0 0.020236362 
1.0 0.013979335 
1.0 0.021435099 
1.0 0.010729574 
1.0 0.012773688 
1.0 0.014144842 
1.0 0.012475181 
1.0 0.017410183 
1.0 0.011234658 
1.0 0.0150543265 
1.0 0.012715349 
1.0 0.02410736 
1.0 0.021713827 
1.0 0.012304794 
1.0 0.016589636 
1.0 0.010128376 
1.0 0.01768124 
1.0 0.014579844 
1.0 0.01298895 
1.0 0.013665819 
1.0 0.013025642 
1.0 0.01339538 
1.0 0.01484452 
1.0 0.009840012 
1.0 0.019214109 
1.0 0.013299475 
1.0 0.033192188 
1.0 0.017421752 
0.0 0.020834843 
0.0 0.020177845 
0.0 0.022360278 
0.0 0.013096041 
0.0 0.016566651 
0.0 0.050169103 
0.0 0.024290053 
0.0 0.014321701 
0.0 0.024068289 
0.0 0.023193765 
0.0 0.021253187 
0.0 0.013213777 
0.0 0.018012237 
0.0 0.013913298 
0.0 0.015032077 
0.0 0.016974516 
0.0 0.017035333 
0.0 0.02686989 
0.0 0.014221567 
0.0 0.010993856 
0.0 0.009997346 
0.0 0.016440392 
0.0 0.014406227 
0.0 0.021503106 
0.0 0.01331251 
0.0 0.02180184 
0.0 0.0161871 
0.0 0.02583254 
0.0 0.029997984 
0.0 0.011081528 
0.0 0.01175728 
0.0 0.021940352 
0.0 0.017865 
0.0 0.013363425 
0.0 0.017282553 
0.0 0.022338944 
0.0 0.030372776 
0.0 0.017063502 
0.0 0.012443128 
0.0 0.018043239 
0.0 0.019030062 
0.0 0.012365509 
0.0 0.018518863 
0.0 0.009152808 
0.0 0.020990828 
0.0 0.012244189 
0.0 0.012875979 
0.0 0.015997795 
0.0 0.016497845 
0.0 0.028791772 
0.0 0.014401537 
0.0 0.013183415 
0.0 0.01015516 
0.0 0.01507389 
0.0 0.025360914 
0.0 0.013432963 
0.0 0.020396614 
0.0 0.016465275 
0.0 0.014980841 
0.0 0.013760466 
0.0 0.014258232 
0.0 0.02426305 
0.0 0.011333041 
0.0 0.018125974 
0.0 0.017987821 
0.0 0.017743636 
0.0 0.01541435 
0.0 0.034030937 
0.0 0.014771547 
0.0 0.029401086 
0.0 0.025865417 
0.0 0.015092149 
0.0 0.01808361 
0.0 0.02015823 
0.0 0.017754033 
0.0 0.018800622 
0.0 0.022579642 
0.0 0.020275604 
0.0 0.03131621 
0.0 0.019507473 
0.0 0.011893643 
0.0 0.023916697 
0.0 0.017272621 
0.0 0.016845608 
0.0 0.015542919 
0.0 0.029118538 
0.0 0.014966777 
