0.118165127034158
0.118165127034158
0.200808285921753
0.143656909791639
0.131946364311271
0.126005959693181
0.191687994138601
0.182475071133224
0.132582133743055
0.146561543876139
0.147421981406654
0.132020167984119
0.0981761177871686
0.141713310372243
0.108845021168254
0.122411223695233
0.113277260503419
0.110626950276227
0.133643435795386
0.128022958344998
0.116403890223134
0.124983399655217
0.144791729529304
0.122570975455265
0.0864955287376733
0.177248309075057
0.0803919396820946
0.158435552852196
0.120124458613985
0.120062314500407
0.127107784285505
0.125197767715062
0.148050024344006
0.121845563451344
0.127272588513837
0.100951843573305
0.146664900236287
0.136017421737881
0.152932502027831
0.14922580520396
0.179345049182797
0.163880618345778
0.325589949651962
0.102832361323297
0.164603135181644
0.163773703061901
0.172935229141325
0.113994409208805
0.180354506369425
0.192115704821268
0.166942201453395
0.155238288291366
0.127844741622804
0.168888914790149
0.091886936811239
0.1039286657551
0.168633659212904
0.108457689163018
0.1616488091746
0.117410924736092
0.164328451832467
0.155035414218653
0.133788213276375
0.10563259779025
0.145511676667046
0.130712213297644
0.16265426709226
0.134342528540499
0.142478468035356
0.140180801978692
0.13328246023808
0.130505531832971
0.170716145979636
0.131559396358237
0.175602026356422
0.11559833909873
0.144775644426563
0.161536123260569
0.169098706188807
0.162046725958868
0.117224456740395
0.107360333564658
0.14321864399531
0.226879077983124
0.167017736514842
0.107429238644682
0.110350215080192
0.180365480850904
0.0918635206373848
0.191968438815989
0.145900238094866
0.164091627067856
0.114828912836013
0.152110088081987
0.162891207793666
0.130115286014515
0.116811252627061
0.12405405654361
0.127628960520175
0.0897655412450528
0.110554951617094
0.146116615913631
0.141102690056518
0.114898273212739
0.166427635352362
0.152020427141982
0.18238035322415
0.142631010183468
0.143450846103726
0.181953924295541
0.153725454710661
0.107520689138635
0.0943075606086567
0.138627421172447
0.167458800875772
0.127779072883726
0.145331728275211
0.143722135737018
0.129053666017256
0.128649559073459
0.134609511466551
0.144397375638065
0.133683369302001
0.0973587454304942
0.115434336049858
0.161095386270912
0.123072767573007
0.104485647251842
0.104016145115677
0.137549258284402
0.185159527387265
0.150099070642981
0.134732554597693
0.100919475989308
0.118343097456596
0.171280655411791
0.147453259939255
0.117904339128895
0.0951226497250122
0.154172825186048
0.116349553196226
0.103956626683212
0.108196847980384
0.133758908469891
0.131910542316136
0.100711405629516
0.154057020450813
0.0961524599735756
0.151423364504006
0.102903576932646
0.0948527499229682
0.143668652989296
0.127372801514614
0.0989331650627161
0.152149397272848
0.124493795887502
0.100232551018267
0.128547843460399
0.125813690169022
0.177245502439764
0.106018686797011
0.220108466379451
0.0920554731665404
0.126336018778108
0.19584112342792
0.133572964140039
0.0970133395403731
0.10670777176174
0.106902537501268
0.143383591911305
0.168323217347286
0.161189365406095
0.0937186501086385
0.133346714755558
0.155073225735297
0.103225233096273
0.128521262889602
0.174514699145789
0.118403684753382
0.209763782219323
0.0786198803261994
0.114823250112764
0.106610506497129
0.135438958541808
0.116025503237189
0.104696587408654
0.123418856535336
0.0783040290607627
0.116007201305627
0.0863650251661
0.105262913308072
0.132222409737768
0.09841342500902
0.172424327359733
0.141727924245295
0.123282839307874
0.122203960800715
0.098088046272414
0.108963493137761
0.0975689959074234
0.0823403424429345
0.177211693419347
0.136532019025948
0.116057459556127
0.155870399956069
0.12147891862753
0.175181960951778
0.117615845101181
0.0777792760446636
0.117762983555852
0.0807376624106864
0.11785785736801
0.111796877516675
0.101505438708897
0.109455534355636
0.114454356015075
0.173691916166032
0.113154931281071
0.083230017970351
0.163825632829696
0.0951485158601119
0.179114443959551
0.152817313952876
0.0945612668616575
0.115334975213389
0.126489874386957
0.0705550914920623
0.104689076189283
0.120546273595597
0.104024485816277
0.118558060820193
0.125741520051362
0.092660388548613
0.157052594459649
0.102926741486169
0.11968796924885
0.150222861288893
0.124725019407689
0.135108401757988
0.108165797002866
0.145621919289384
0.0979957120268339
0.120449835082803
0.0760549052833162
0.122853554797256
0.138269161162415
0.119190518149402
0.119205678305756
0.0978732635913765
0.151449664751914
0.129478595663162
0.116025652111716
0.106999571445664
0.0927026072130948
0.160213059286828
0.0915155276816092
0.12914928516704
0.115013668156728
0.0906844099449062
0.105784378866732
0.132029777905842
0.0939140315456735
0.100483374708706
0.0698582615447633
0.141727924245295
0.121067840395345
0.153739127007178
0.176488212885071
0.116235133108975
0.100435463502413
0.112519724779178
0.117534303481827
0.117842629950996
0.124470352161947
0.110803861172845
0.117905965084735
0.0948247029708566
0.118808996084871
0.128899395155629
0.105960251555784
0.108958821913314
0.096602501446461
0.097716799587544
0.116503631224429
0.296741469218206
0.109150134697606
0.119266778825978
0.135237912037359
0.0836770065248894
0.0950610525506757
0.107415187780397
0.140307625999022
0.109509852082557
0.110137771997566
0.116425165869718
0.123867615699317
0.0984240538824621
0.0895704265098209
0.115548327163106
0.0779571881117132
0.121638954720938
0.122235717008226
0.132923477429272
0.0894564320963221
0.122278425565443
0.130046868339903
0.121797782964251
0.0930992151269138
0.109005221815218
0.110306118097956
0.182981816396956
0.0901095793648034
0.108419833690178
0.0892345903421322
0.090170986637384
0.139038610895449
0.234741852891663
0.120154107193561
0.118506986618227
0.125862884476466
0.138519134687123
0.163276620305023
0.103121442094506
0.103020405750305
0.0807924469980914
0.104200509845958
0.0833336246595299
0.174159735068415
0.189044808472762
0.10941357580851
0.180299563958309
0.193200702740699
0.100921211790945
0.103313503463742
0.109909954210109
0.143742392942042
0.0762926442752897
0.0994983972191982
0.0885815611478793
0.122995543361117
0.228281814879584
0.102075934935059
0.118358003805983
0.111527860658772
0.112506706575981
0.083533452852834
0.168339066903153
0.131665598949278
0.090570108160357
0.127505576944076
0.118138230581982
0.0882849424098282
0.0933751806368339
0.0899574302060439
0.118882792083692
0.0847687295546218
0.111415718648428
0.0783013410529707
0.182661825492899
0.11353964840678
0.120730044235237
0.106179957333344
0.0963165864122759
0.0917865405055866
0.0910927649332055
0.0997763968336565
0.10774431970374
0.154814290822965
0.104835681665991
0.145572417932716
0.109661208809746
0.114054156278197
0.131229013108484
0.0855818295716977
0.134958739057335
0.120247154332205
0.116798073986707
0.0824201782151545
0.123095665276044
0.114107264376954
0.137495372838251
0.0974365993972047
0.110557766836857
0.127132098660259
0.103778565206375
0.115560410719091
0.143257301640438
0.085441170650855
0.0932985303360547
0.113349626550904
0.147701490104874
0.112800376147946
0.136952003919962
0.103254641275194
0.127222447478541
0.0983722711918293
0.128173681286807
0.0677299954485082
0.0988945328418724
0.102285964876818
0.0957654024079342
0.118331645947515
0.0899814308203526
0.10854684528614
0.0974439031826064
0.13804505679199
0.114876829333115
0.178457175368425
0.173240612431211
0.0995857249385137
0.102362482742021
0.170930850009518
0.0897871000018722
0.139574148891401
0.115560410719091
0.100592497477679
0.110218224137764
0.0990864059614131
0.111788128981882
0.0866992273549784
0.118331645947515
0.104118315428521
0.134694259174567
0.163438151386765
0.126708221540449
0.146418453958522
0.0826318149622722
0.108584954103736
0.0827219467294898
0.0999749717785138
0.192085213844304
0.114596591853656
0.0923828969346843
0.086964080842912
0.071063963409218
0.085727216933478
0.0852213900294744
0.0874778489400773
0.0955624255560836
0.126643751739682
0.113635972543757
0.100416804081364
0.0763130661468813
0.131913542787886
0.131358997146712
0.0990532682208055
0.109293069876183
0.109190757046213
0.103156299525646
0.124007053838753
0.140673599083793
0.127634906641058
0.0694321057988309
0.123528400265448
0.107666097664563
0.136928600974083
0.139037440874828
0.100896449955326
0.119995724965152
0.103561710735282
0.108203520522738
0.117413988046123
0.0612243838000052
0.0648519832658328
0.105707491338666
0.111921139322839
0.118421026719104
0.0910724870969915
0.147348340304019
0.110554436602426
0.126241699384354
0.101853623792275
0.152354472620807
0.152698851794236
0.0958098974994913
0.13750047037693
0.100518875478344
0.103414934615827
0.105089232453
0.0745962860041726
0.0899957718090992
0.116226375776314
0.140986330130481
0.0908840809128821
0.12218633626885
0.0924456353528519
0.0950854676576637
0.156029367007916
0.119043921395426
0.139224652745381
0.07776198740779
0.104294801644666
0.108352523916163
0.119657946732906
0.165382989051588
0.117581320516448
0.0961630477612812
0.215981616118078
0.0888773770163616
0.101112050418752
0.126177669519229
0.0919512117281126
0.114731444963263
0.107996915222056
0.116249148617386
0.0941777904743616
0.104544289879133
0.107181953946819
0.0878859749270714
0.176958563712686
0.0963767269375711
0.139148735273965
0.105246687318092
0.111733920306188
0.0663968402500556
0.0918283863661516
0.0962396518018871
0.110178567610309
0.0914111778408835
0.145960527616853
0.112479176059811
0.139766836193647
0.0968159979491555
0.13324177509618
0.109368753714529
0.1026281636917
0.088607134699704
0.112575327294393
0.116979221738961
0.0944907103340875
0.092062172799761
0.106662784479158
0.130532912925123
0.086479505626009
0.0978387074549262
0.0845439198808856
0.120913147309902
0.101589707230518
0.0934339220814457
0.144232982957069
0.116017792880118
0.114088926323361
0.0941602448429021
0.113483957156923
0.137965874752836
0.103793804840103
0.118023876220833
0.106735540436449
0.112242744874722
0.137608485787709
0.131784411770884
0.110574601955634
0.110574601955634
0.107534066137427
0.0930915701246957
0.0749237018412762
0.123248853227988
0.159123307364919
0.102750142236866
0.0956478888533314
0.0828493164727464
0.120851163421645
0.118295953293762
0.101498641503567
0.11345212136192
0.149153513608521
0.11910757241083
0.0784008806669342
0.0952027065145204
0.0924307548496723
0.130386539716807
0.116042679156527
0.0943723022042021
0.121419704237609
0.0925652195407223
0.16037293474949
0.10271123398208
0.0763607801036356
0.15141939923883
0.0924112183407531
0.130102102733915
0.142847690935198
0.102443283409398
0.140176915602016
0.0763568571728032
0.115124831871332
0.0737305895685828
0.113249790783795
0.116299767175236
0.0873031252885401
0.149800025980394
0.106579551467921
0.0976830426427282
0.0813054288255914
0.0870930206167126
0.094903191145926
0.109791060238632
0.104063723855461
0.0956643034774692
0.178795271276195
0.101131175421639
0.110691621158242
0.18165337154377
0.102029590316408
0.132097842426214
0.134164417924829
0.171130138119717
0.101882958862506
0.129981912530545
0.093453509667253
0.14080568387235
0.0833428338599254
0.12509240436596
0.107444465803995
0.0858137204489587
0.0878272448775617
0.145802038576577
0.143889417542098
0.0731256127513968
0.0928170719602246
0.122443950442506
0.116525419640903
0.0794805415059439
0.111121688607242
0.120032508601838
0.0892898182085807
0.178233856638374
0.118516544074139
0.103848515758942
0.0938266167243525
0.118711833702159
0.122735911361902
0.139208162044445
0.124373039794294
0.131814132516382
0.108974725444327
0.111183665811616
0.108694235664879
0.0893354765226577
0.0957273230867961
0.0905941482181993
0.100127935623626
0.0736369706608872
0.134254713761136
0.035654238093433
0.0973224366516915
0.14100075826756
0.132977351263707
0.130572695258492
0.112231284805078
0.11176298727096
0.057572952378256
0.1752359070855
0.139064458056746
0.12190553210852
0.189408416308375
0.0803241621890409
0.168583384079564
0.139008581876152
0.161837902692253
0.198752544611936
0.0658580543325459
0.109823968846065
0.291713597531145
0.176890788868791
0.143109247461151
0.111841257993982
0.159213069789618
0.0845009151338918
0.0845675027689548
0.118429676384226
0.07699706548485
0.106817140109252
0.0998188083051899
0.0713406719113949
0.0913638233429852
0.124246128859849
0.244509090478039
0.141313920732152
0.209852489445356
0.0974270157556365
0.0986342898279494
0.228346825248567
0.142495152349035
0.159355776603414
0.0855466089755627
0.104276448791272
0.131510204125319
0.11595224506418
0.108060877593552
0.313649075088675
0.147323245183142
0.196996667062999
0.127070727920254
0.115605291576654
0.175427799003704
0.148241376848762
0.127110416479827
0.147572160828493
0.118842461658544
0.105040337348514
0.0963455190073932
0.173461423717208
0.165310640734952
0.1211778588173
0.111441915678699
0.0986426019695452
0.131143928327822
0.0711955304715101
0.106769184813701
0.150623723483551
0.138137507821522
0.183056281708038
0.167891875862679
0.12932809164286
0.0895164833880371
0.10141934935031
0.074262544716955
0.128822128588643
0.169774551928064
0.138976112759955
0.102510246843356
0.126996600319915
0.161140342159766
0.150414787721759
0.152635557322642
0.126747146458535
0.15569046693993
0.126680003921227
0.0970197485363269
0.122644602523946
0.162258594549599
0.108265458290366
0.0920369342092447
0.0920369342092447
0.130446531642758
0.117088851546837
0.0850094934270617
0.0941463773856323
0.139852836114508
0.116281195332732
0.103129202213372
0.0883558362436643
0.127763943105764
0.100411924476869
0.0873387444533504
0.137535274571048
0.13550327166906
0.104142629329522
0.0747754513555328
0.129529338278436
0.0788100029943667
0.167436857534498
0.11942707375806
0.106175467464426
0.109258357710659
0.125729346596692
0.149662158755293
0.119224218152336
0.111963992812202
0.111744598199583
0.0885953728044686
0.106622648862149
0.0989860150509168
0.144636706329883
0.0794435507780797
0.108191886909877
0.121329392125528
0.0886339473339754
0.111221367866865
0.0853800571573355
0.100530817244072
0.1041173750327
0.0941975812560752
0.0799023243935104
0.115192207571705
0.10845147098076
0.0901238786572545
0.0761283906545409
0.0738257374497431
0.109083733399088
0.148598829985562
0.0960733008682148
0.125690105850122
0.131126235535676
0.114672063910326
0.119783816502377
0.100134447083306
0.107478589381044
0.114158416555211
0.0802589053257941
0.121783563928828
0.106773348612233
0.0979086293845565
0.122696147557011
0.0817258749459583
0.124013804669153
0.0961239209333449
0.102172235651262
0.107307754294356
0.0909268503950601
0.111353690711677
0.119205640032234
0.137481396772347
0.121401775308131
0.116894597978448
0.120385337301369
0.0711202295499817
0.148992204108202
0.16545862770727
0.092453380902532
0.0973047969049093
0.113318887173759
0.155220550578372
0.162864540672511
0.0921634210828311
0.152020709873136
0.122973464138266
0.101803166619553
0.190267161385007
0.138097789540786
0.132462216593371
0.099410205674995
0.179611104616068
0.190384583109273
0.0910318563438833
0.0889909982053121
0.0761190290248555
0.10760508038683
0.12939576773289
0.104691515381096
0.153164625504186
0.0919779539748931
0.130457714602439
0.103700136829461
0.130205942833208
0.156257331509835
0.149617630259154
0.104116399150509
0.115228799925048
0.132999956940173
0.119077912958107
0.114200552950567
0.154008532104544
0.0882722107687505
0.138786619227234
0.109317094559183
0.11199742428271
0.107122701809452
0.0965311911161033
0.129529539434037
0.15373062433881
0.124069322600022
0.105242855334959
0.112436318518589
0.114741418201514
0.108525270391725
0.104831641872549
0.126925815057423
0.101176224283597
0.15326507574544
0.120666233031479
0.108530140350472
0.13311874061181
0.124544147527672
0.176785630399333
0.136758633251809
0.132921229072002
0.106341175851117
0.141838877277862
0.109963896516849
0.141297473956963
0.149993077631463
0.186298640550797
0.152946699313219
0.144817332371354
0.166704402140381
0.105098695451704
0.0930155732449475
0.102690022923321
0.127579175714299
0.100877439900414
0.113425872748299
0.125257360344057
0.119070603067308
0.142131353739881
0.110724816195619
0.177724640027303
0.110913091466835
0.0729138288620421
0.145196318954236
0.112767991128678
0.0852476835539327
0.153855228284543
0.13617941105244
0.0929498508628096
0.162488459407275
0.146142799435024
0.0984203232578694
0.12209398277379
0.109116438692366
0.0959127681648241
0.11406623390279
0.153801062143583
0.114475534272523
0.140662691585516
0.132199513027563
0.114594570497064
0.193692989765408
0.112600939549947
0.123460265166059
0.108048898906332
0.116796913235391
0.138497510554916
0.132843704592114
0.187122339663855
0.197318117717208
0.0911822107922304
0.205578130802876
0.062728384962477
0.112038618691023
0.168271546904383
0.0926138896022225
0.197950917472182
0.102319276102593
0.13927264076457
0.114886455768054
0.131076075899872
0.144980413261817
0.155460806582995
0.0963736146730836
0.127100084554581
0.124911600302542
0.166835370470458
0.171383682122016
0.148940408497244
0.130400794093821
0.127907678246625
0.132914999760014
0.205409236676799
0.112629037688253
0.108193971985875
0.134234683298497
0.157781747989159
0.135804107812408
0.176355646149365
0.11503287469833
0.130593551570738
0.180630992826055
0.147253720534879
0.114914075996722
0.114174788552189
0.100964837909671
0.113861838445013
0.136596433150449
0.0954554865410106
0.106709151278398
0.10772723319941
0.118142596476131
0.101883743543583
0.128468760666346
0.189000730949874
0.122653878583356
0.101973705922243
0.106019476547917
0.0941391536469747
0.156523798856716
0.140203361631648
0.0871671847628031
0.133138033401702
0.0929439026596758
0.0841554376247146
0.113861838445013
0.104410483642318
0.147504063708613
0.0934380318912599
0.117318440689414
0.0929925923800972
0.140278477670053
0.0883808494693315
0.115379885513647
0.129663575725349
0.174110869896319
0.086103385133897
0.0909640543581467
0.0655465237291627
0.119241235927464
0.13235081069984
0.137554436985121
0.0988423522784477
0.140632298981912
0.0925516842657371
0.101962613577542
0.0717694689092988
0.128182575024277
0.102509514630089
0.12056475244471
0.0875537815609208
0.093751980870856
0.111900441357938
0.0777655202694306
0
0.116289452899381
0.0770121310676163
0.0962993414900823
0.0847137263610765
0.123959477828817
0.123565303985108
0.135651091676233
0.0761888518577825
0.124362685009692
0.13660460636088
0.120190768870424
0.0643319335178202
0.134092425475387
0.0987049859766959
0.0998106450912769
0.147205200106445
0.0866081365540854
0.0901559711618956
0.123442177868676
0.0922939202265654
0.0945443568852205
0.115453274262392
0.108409449376179
0.127035684766121
0.120728449104933
0.113493127020457
0.0766913094673191
0.108851137873049
0.0437786176737826
0.115395943906006
0.123151976002451
0.138426543406326
0.110505539227057
0.0966487329165679
0.0776942581530782
0.0747664112956709
0.103247912262009
0.102660196015304
0.174169313584122
0.177504064563601
0.143602471618171
0.14319385048516
0.175013503640223
0.138278887414671
0.159444885212408
0.123407389766313
0.12092028294988
0.131502755338669
0.129814359565965
0.206953175519428
0.111825271611471
0.101158981970367
0.137450544214836
0.11048394857333
0.13364843300531
0.125132332645052
0.0848381283258405
0.109717910510403
0.103496144809672
0.143352311184201
0.133598464687906
0.149355944357502
0.100339201197491
0.0940399682813701
0.135143731706834
0.0883552813800443
0.103765302125011
0.163758603252733
0.102531396711202
0.147885383824626
0.134325121621615
0.121016576165741
0.0882271960638718
0.113874302240076
0.137521722847239
0.149800223158572
0.115961096523811
0.0675507105828556
0.0920475904452093
0.146728445166349
0.144997369031846
0.0900755394204909
0.155054515817596
0.177530298742696
0.144384818274269
0.0894450773568603
0.112306525463107
0.200780278879698
0.10499255673946
0.116811021788716
0.142851066367719
0.110211420794891
0.0696156846030442
0.129315947041918
0.137802178317507
0.108829538490614
0.100233378271661
0.150240640473568
0.138831381075731
0.109530209577718
0.10473276593557
0.156711512776139
0.166423897609111
0.0897537380406106
0.12527956629348
0.110333342889879
0.0899747159241249
0.117049701105906
0.0862224386234397
0.103383929855916
0.104267755624274
0.133141737922693
0.0913454377033725
0.088562607435811
0.113731734445766
0.100069061078473
0.15110628726325
0.129485577431979
0.088424458370031
0.13291768809506
0.107317595561256
0.129886173141513
0.103794464001153
0.0809410553798829
0.106738385182248
0.139826706722456
0.0927417446736072
0.138210752147037
0.118977009954889
0.149546231168719
0.156321063741266
0.210112382928496
0.0875833761723487
0.088562607435811
0.151788456626332
0.062664685068249
0.102847420205275
0.120685184981095
0.162949205187317
0.112001406940916
0.13432324534733
0.12610580061347
0.110223416680685
0.115613843863071
0.0951979532165231
0.0995555373869335
0.10925619698349
0.0962993939618283
0.104239667628662
0.151694253711164
0.111689639135011
0.101213746760734
0.133410364954586
0.180978688807266
0.136221406217992
0.109958453874925
0.11520435815927
0.111107319772336
0.170039961803919
0.137220929098843
0.0789680028640103
0.115760466356001
0.0877422678280451
0.128393314558589
0.0712836694418522
0.12257042886747
0.136396010969996
0.0913112358939102
0.126101637458449
0.177289658987053
0.151109788778442
0.0930952419545357
0.130624097860775
0.108080771890269
0.322190691952286
0.108715079928436
0.128239253650513
0.117433199227846
0.13002963659588
0.108192398724888
0.105911982758517
0.131551349589665
0.135628350209924
0.156321450539605
0.11682214071476
0.112792337062454
0.110496924687582
0.124335206081033
0.108063621744861
0.0898666511635023
0.140422159378123
0.0824916836523543
0.148736669971932
0.134320221402587
0.132487244249137
0.107221758600176
0.124494207594738
0.142058646676909
0.102952494315633
0.107533558775252
0.108565466685099
0.116496373693816
0.169210379068299
0.123129718394691
0.161176391526091
0.108215897107142
0.112324479017875
0.112135046698199
0.0896132490057786
0.117749380311648
0.130076193382047
0.186449043115685
0.145683163284479
0.24045363190391
0.123707418962126
0.186395011621113
0.161338718325225
0.109057565833346
0.138551259326334
0.098167926452206
0.130366762648534
0.131630992132895
0.0769019413744488
0.121239608879588
0.12586110123414
0.104370280492106
0.123880972565605
0.0949013218843405
0.112726725849205
0.154417982582736
0.174304646803236
0.18052467479646
0.108641026382208
0.152769418850915
0.113734117794234
0.160900846208113
0.0977475128727878
0.099009774595506
0.119178704845595
0.142476257937957
0.104346823920774
0.136873810594751
0.176220603421432
0.11369863082056
0.0757450315033077
0.0987587740974436
0.106879822697779
0.105616234920644
0.0968493383188006
0.106565300203381
0.155782538268737
0.09276578269779
0.143602521913016
0.109990101847033
0.0822272471339905
0.122437044152135
0.162667283230815
0.0867449029654127
0.124390929753075
0.0797950064482245
0.173223423215298
0.142475066388626
0.145263557401873
0.107386405769393
0.164037297286041
0.110532277408787
0.101138903469359
0.076783258904153
0.130485546415391
0.12871282039389
0.105656574792376
0.117009371176209
0.17224860079834
0.145419818030279
0.120037523236706
0.125594210809529
0.131044951743437
0.0951207216191712
0.101381671509301
0.101098635484674
0.119641798117334
0.124252075689628
0.106840199073372
0.138996962201836
0.17187364897367
0.129592803619992
0.124091674211283
0.10492207239118
0.146197498146306
0.131572022334607
0.127965393810747
0.0730182173806851
0.144391275783661
0.137808434894766
0.0923634465814808
0.128032242570692
0.105597107933505
0.224841406854428
0.0984228509339058
0.10525282981686
0.095583837962045
0.129370075077586
0.113682261375879
0.103020101791115
0.0944913809736297
0.130347974986316
0.133526650436951
0.116793116081514
0.169767391914356
0.14349745122948
0.0902527144846518
0.127905942573607
0.122573990650522
0.0912589399195264
0.109463281490915
0.127178214418011
0.116041337007838
0.122229189053856
0.12829908089935
0.126879976073465
0.125301659134029
0.111429259222887
0.149671473282479
0.105374185235327
0.128439757801812
0.109468052543967
0.129496127706966
0.147873058716795
0.149930207117987
0.14730673458515
0.13491213062335
0.173604206500056
0.105375128972927
0.1546245219557
0.132237373462313
0.143229788614
0.142365404466141
0.120324908482371
0.0794947357512246
0.127431007917338
0.11363324989824
0.136370243503943
0.130863006412827
0.104963920801231
0.145116537824055
0.12672834701399
0.221885629897241
0.168158322613772
0.155245974867051
0.202454659894063
0.161192459154522
0.133772985963629
0.122262669020868
0.117415170941585
0.118335534458547
0.163471403999384
0.12567086591298
0.124162100626113
0.147614854315334
0.139816213501884
0.143602716276427
0.105244313141113
0.147147098555638
0.0914983013000516
0.122304564984324
0.177522863154252
0.135875614019534
0.160172322025728
0.0925932205362341
0.180098983290603
0.170956861055701
0.147032592096743
0.117528564511935
0.111993654336762
0.136409754141114
0.109317839722707
0.133399428452307
0.105494994794971
0.172912328665969
0.132493314594776
0.125251522043808
0.136472831271897
0.113594915400412
0.151189563154065
0.0968004892154403
0.163151108049792
0.123964105747444
0.136895774772088
0.122739711034239
0.115112724543575
0.127519912254767
0.119095875842624
0.116718233807585
0.0787727342237662
0.109678188348203
0.129403147740347
0.0915704992799484
0.114430169112059
0.114385750484621
0.135553362729736
0.153630110035105
0.128445412487471
0.13578767384607
0.0858650402713007
0.169207611511868
0.0927033967236183
0.155605575431139
0.107653520024747
0.112562090210748
0.128701143903516
0.112365420385015
0.13240342304527
0.122742766632907
0.134490331386156
0.132962138980349
0.146599860125077
0.151166323117747
0.123319774185177
0.0848877283111795
0.141280258166596
0.11777354983011
0.151807636888675
0.186327544709212
0.114054846305257
0.0361756701016464
