-0.021488285769151
-0.021488285769151
0.001568556629305
0.018303798241994
0.037530068884887
-0.001297049014181
0.012517359696012
-0.000102156407543
-0.000764656751951
0.034025009722562
0.008415417076428
-0.001922179426674
0.022802018990376
0.024192897759968
0.078408673025660
0.024477466204432
0.040867598333876
0.053658220897214
0.013888390828186
0.022447123338680
0.012276440458263
-0.033849853591043
0.024571815834268
0.006459578742190
0.009448927490880
0.000321310229325
0.007933833884189
0.053329016680942
0.018265237844668
-0.015757526489404
0.028478042060601
-0.011373935499571
0.013788087729607
-0.007827080589970
-0.030725394859435
-0.058060983805543
0.051186261751196
0.079557214860779
-0.022235613833552
-0.006596305890846
0.043334936291185
0.014656944076607
-0.055982990820852
0.014422395178650
-0.014889825769197
0.036744978204924
0.023484189816318
-0.000062636899707
0.026681797872539
0.007489852691648
-0.001009347660606
0.043675815667375
-0.024253268983921
0.022726976273066
-0.011243542369708
0.025787781586615
-0.035848644480440
-0.000873657786092
0.026534753339637
0.013497562475801
0.028675482545438
0.025302299189579
0.015870195438028
-0.001659741717006
0.025574922981404
-0.000848388296870
0.072426029866448
0.037964336937216
0.005367420780426
0.018841004419705
0.021369462884347
0.010810295018056
0.009031487486541
0.020011068726987
-0.029716354285820
-0.022355654841985
0.026560114276249
0.014141643440816
0.033559975017167
0.015475089696365
0.003779354928553
0.009617447597475
-0.006708465070877
0.006571543733360
0.099353254862208
0.008549088257189
0.005663689651102
0.063798916094021
0.013298702753235
0.033917385727493
0.000096418551356
0.014233147846921
-0.011309428287017
0.000998630428296
0.000048988825032
0.021602323385348
-0.003229801665587
-0.033262368175572
-0.012689156891785
-0.011604793988686
0.017162538096770
0.011143355809684
0.017115894441112
-0.010732932757177
-0.017251782121706
-0.024264370640866
-0.007242488681069
0.047655922619512
-0.018197683741645
0.027298627023376
0.064858283421152
0.045975329552556
0.053892852244694
-0.016267760317052
-0.010238706622018
0.011095818171366
-0.012675434666338
-0.011932284720601
-0.011219237233708
0.008703317423862
-0.008593636327849
-0.004298244635673
0.032661602946572
-0.032463595251648
0.034675749593803
0.013941139870801
-0.017901133359784
-0.061755429471194
0.009779313017770
0.001064945006488
0.019719436509692
0.019848944369609
-0.018898281828220
0.032965656101125
-0.020303755225861
-0.047669199755667
0.034547855371814
-0.018758976318621
0.005014721495388
0.018785665430870
-0.047571821456474
-0.027837492840609
-0.017075290858224
-0.000298441372772
-0.036603313047493
0.021308072984547
0.003747013996594
0.015964722310845
0.008413008185775
0.036123284296140
0.042370619623832
0.024234473833331
0.003229639411921
0.032095396868005
0.046237308128619
0.008510130710655
0.008467633734853
-0.067900422467450
0.001964833370758
-0.023367474326374
0.081925098464742
0.019587631674110
-0.001076146497451
-0.001178180615137
-0.021334865448631
0.001698789919950
0.001193486476661
0.041719136256671
-0.006641948410102
0.004460494494325
0.006261347273944
0.013224543924399
0.034503480518332
-0.046708512968771
0.005619364284175
-0.021446096378106
0.017704194253899
0.007450773951919
0.017215475130440
0.001369076443821
0.021580281778658
0.038150082482775
0.051098183705008
0.007709226409225
0.030977776649286
-0.027958951703153
-0.000757754810533
-0.009814709834688
0.011735156878617
0.020920302032622
0.038365667374461
0.029475232020892
-0.004427995585001
0.014191729562806
0.028705091476306
0.008676107432844
0.016636935530715
-0.031080390842970
0.006084912892921
-0.004184644211682
0.001202660753856
0.002284073721207
-0.011750034093208
0.012233699020625
0.016745562297407
-0.005217991265869
0.023776549233947
0.010132301473409
0.010339759493827
0.008511340428857
0.007575211084054
0.018266002192172
0.033778565468378
0.006382313891448
0.083768452214918
-0.000903968893097
0.053002204767037
-0.018571383521926
-0.014991721652629
0.025746418297467
0.015627954500743
-0.017626557748729
0.032446671050054
0.029128075076459
0.030840677981284
0.029753402059788
0.058011734031554
-0.014552229176717
0.004282913277490
0.002102054183097
0.003601022881145
0.018618464177797
0.002013729998586
0.050980313114344
0.019181886034043
0.020109842066849
0.031192050494316
0.024187896994481
0.009107262881299
0.038397680122504
-0.003084714808391
0.005501176454130
0.004706908811089
-0.012892118723434
0.011416799467924
0.009825509557777
0.008550697549480
0.014664653995748
0.027008129339829
-0.007057006713710
0.081998813283367
0.044986501769901
0.040821127847864
0.009211807142225
0.002985575214670
0.012175523264126
0.007872672222890
0.000994780758139
0.001136480841839
0.024000311421143
0.010502005636492
-0.006705681289721
-0.030045393436289
0.013830779124191
0.028705091476306
-0.007796776634087
0.036976314153835
-0.006963119732136
0.006802198769827
-0.003169072687794
0.016876340724390
0.006063125864544
-0.003034722392939
-0.005505163649919
0.030091836380944
-0.002541657664672
-0.001875980642441
0.101232222813500
-0.075095871665950
-0.003042236308337
-0.008055492684763
-0.023911380464619
0.010577658920560
-0.009729604265636
-0.027579618591121
0.007490846007691
0.007433496950534
0.023049874167643
-0.004348632748165
0.001745036694188
-0.022955355734088
0.009416628574589
0.003704898743608
-0.013504183328010
-0.038011979382584
-0.045945061329897
0.024942979209821
0.002459845834192
0.037639476263029
0.039810026166735
0.002940465373263
0.018160901220971
-0.030711473232125
-0.002751935459428
-0.004993764499009
0.014407036359370
-0.002858495440414
0.043977772199020
-0.003610511426874
0.019045669457359
0.001672706861767
0.028399879883744
0.034463671009396
0.012391536787625
0.022691957264544
-0.023258213436926
-0.006172481767559
0.004067079366603
0.019716657004409
-0.000740567808328
-0.020070131308888
0.009764314551419
0.011508995808459
-0.006111398479695
0.009881760573830
-0.009983975440931
0.012538383204071
0.023490371013547
0.051991250612664
0.030721765350128
0.005561203320503
0.000243845969378
0.032533083990240
-0.007170960007442
-0.001140801807112
-0.010929433146814
-0.001556514295398
0.021901809330269
-0.041306914611543
0.035569781910624
0.003957229089318
-0.012212889363925
-0.025250485173754
0.027107860297182
0.028638801837975
0.044010304329629
0.006437385097323
0.002043138855474
0.001334042042773
0.009560158494738
0.030374905136632
-0.006703889428522
0.022868291589915
-0.003029221943305
-0.033807995284206
0.035628078566199
-0.008876760681924
0.000290045368561
-0.001720564465410
-0.003574038222744
-0.017950560981767
0.016527263790208
0.026428346499057
0.016799923521608
-0.025311858777115
0.013139158853075
0.018539397371559
0.012918998560444
0.045467741247060
-0.014766750967894
0.058157541560888
0.025108575963390
0.041311767138379
0.001436805024884
0.013735253264830
0.032632121384466
0.032552277494339
0.040759684758191
0.005818800707444
-0.019790815641049
-0.051455069585552
-0.036933931676911
-0.003970874346038
-0.005151672042842
0.009300376618811
0.021904524580571
0.004920252680951
0.015648268295659
-0.035288140958853
0.006405792014373
-0.002373998262618
0.009204006495856
-0.014359933330149
0.029548808658282
-0.009762413610557
-0.054850264687156
0.015371531975556
-0.039011681408091
-0.044428257979795
0.013912330251641
0.045083480499948
-0.048437607254676
-0.043455242247622
0.004648747290327
-0.015696179643091
-0.037362677325149
-0.021064736909175
0.017492660776549
-0.000811110236391
-0.019489134709180
-0.019640457019177
-0.001585020517225
0.030753521222260
-0.018747593302547
0.021904524580571
0.000068130364204
-0.018968752667121
-0.023399067383548
-0.001091826910095
-0.028798250588798
-0.048437607254676
-0.018118554757110
0.005985561712626
-0.031895221922085
-0.010803400478324
0.000276699459580
-0.029309062122593
-0.000239921465243
-0.012531052743197
-0.048766713766650
-0.007614337236593
-0.014222638367683
-0.007893043070154
-0.017114785553351
0.047553952611717
-0.005779619714054
-0.080537691896391
-0.024650690494305
0.010920491780262
-0.009866086400207
0.043024076762717
0.032087771637310
0.004956382689387
0.001320109719822
0.036799450498180
0.003947754007595
0.002914535583842
0.047089548559332
0.020590275355070
-0.008078800643399
0.054087768362390
0.023826646536552
0.022147637468960
0.013107840648985
-0.039282085232708
0.075519409783121
0.039486180293985
0.030340534774814
-0.014502166939788
-0.067845576098137
-0.011445104132911
0.002846854278746
-0.014318526516730
-0.014519066319886
-0.015644706723875
-0.009154148346131
0.002214735650287
0.027462361407943
0.006637194053674
-0.005242635534226
0.032426167602294
0.017435155014824
0.024113913340868
0.021810987174481
0.020745467934080
0.002705292812387
0.026119218032675
0.013356372931373
-0.146973892549223
-0.037260526149459
0.027889674303062
-0.036501429701920
0.033519321234840
-0.010378959134966
0.002153787977992
0.036472330026877
-0.005246669154445
0.039974797162941
-0.010410246336124
0.014908532678211
-0.035978655494346
-0.037764055631340
-0.002630830746977
0.032058740707007
0.012794650402866
0.009803326202021
0.017887230782099
0.009861856470527
-0.001718416294146
-0.019658523203232
0.019235067055932
0.012618993476959
0.001600480318771
0.005751879140277
-0.021937289889946
0.032498839525363
0.004959687031192
0.047864981071689
0.001142971434811
0.057087403313027
-0.017927885689855
-0.024271948529777
-0.021630650885603
-0.027460933557235
-0.007753627009980
0.003750775350984
0.000586619842216
0.004239148915414
0.008528488103872
-0.014644538272295
0.042608612661580
0.003837769341788
0.005599445786928
-0.031133841433729
-0.021717276472995
-0.016091175156294
0.025503639652746
0.008049113885149
0.031216652024961
0.012642720867144
0.022344324112480
-0.023393841354581
-0.005232625102692
-0.013900094157166
0.014195472587266
-0.010190019041568
0.003798757276662
-0.016129442460915
-0.026379728000441
0.005814040105019
0.011079756597664
0.002104889633053
0.007682060201924
-0.030866255913287
-0.003404603056436
-0.010916212817568
0.007145367666795
0.016684238805511
0.017740240185278
0.061091247650272
0.028727176569673
0.016998542051712
0.016998542051712
0.019966648073133
0.029729637347161
-0.016232314276318
0.041932814163863
0.011739629445414
0.010984846628463
-0.000049433649370
-0.003083625238913
-0.000397774302543
0.016063202020582
0.002681576147320
0.019506205456726
0.014734683498596
-0.032570359122657
-0.018354490786475
0.023583007456389
-0.026485952035490
0.049906346221646
-0.021904712669040
0.005663429248258
-0.000278738586218
0.031265716546605
0.016195416677359
0.029907262328122
-0.008850429524369
0.016313256740617
0.005759615197547
0.022134173421341
-0.001178245614694
-0.013675130803355
-0.009144759457938
-0.004974946738227
-0.025402842454983
-0.002303806504450
-0.013366843624317
-0.014229246430532
0.034637897749062
0.020355409405293
0.007178411776479
0.036614373986452
0.024398498539406
-0.007117024506799
0.016041407183803
-0.017972210507807
-0.000374940320856
0.009611016751560
0.030111304432950
0.017950902007894
-0.025749928490160
0.099828050818451
-0.007135229376738
0.032406281250542
-0.000679599135802
-0.013470711448255
0.010117818949955
0.016729829452366
-0.005487020378864
0.002475910755821
-0.072373903766585
0.045446575687790
0.013553566114325
0.023792476562579
-0.001045995509708
-0.009878029500399
-0.049764352472639
-0.010340471438496
-0.039705927325208
0.025312023136874
0.020064318289744
0.013384228514033
-0.026936270337088
0.023512088691210
0.002961295662592
0.009779874419071
-0.023713374419992
0.032437097243757
0.007267627453799
0.022435522409684
0.020619538837873
0.031815695877754
0.020624204078344
0.030796534168753
-0.006131433493668
-0.010888772541606
0.030469685404959
-0.030059696224023
-0.013336597594018
-0.032509080792469
0.011751097563027
0.013788673907115
0.079011386904781
0.028540022200482
0.002038289586945
0.004938094158872
-0.020273646776142
0.048036967413045
0.029779215771422
-0.010261005434980
0.000867121280121
-0.014744101424135
0.002625035284953
-0.010268501891428
0.027364496117367
-0.016397294146102
0.058153656559693
0.012356543833770
0.028619139792883
0.000797540089561
0.004261798005843
-0.002048793445386
0.019845672057956
0.002408997102336
0.003563717756496
0.028908655054763
-0.032466244787963
0.039859214532563
-0.003156262457781
0.009548089430412
0.064950610645417
0.006092214796096
-0.000898195628286
-0.036126470275144
0.007692508649868
0.017288229643600
-0.032460995099863
-0.023889010295818
-0.005753993082542
-0.027904416494686
0.004652516812957
0.039393891069248
0.004029277858500
0.016470407209411
-0.039226854369874
-0.001426915090065
-0.000636320145404
0.007472095303953
0.018520067967669
0.004268739961713
0.005026875789973
0.014635006519166
-0.049187777547524
0.006115078745786
0.004809969429371
0.006991575703682
0.002259683202759
-0.016230814867249
0.028573905859870
0.033850946280973
0.008367627637926
0.006303009303715
-0.021350993313700
0.010902202954159
0.060820622841558
0.000579838610143
0.002600567403390
0.020271490528764
-0.009375587526007
0.037811312864209
0.045022928741702
0.003398021591725
0.030582286510453
0.028411655394275
-0.015900267618512
-0.018094111895141
0.031326532145879
-0.007285174788535
-0.022722545113742
0.027930793737561
0.006833396109535
-0.060645350935401
-0.031904821715547
0.008596349100664
0.005356832817003
0.008848272248517
0.043059161889495
-0.006559970740522
-0.030135546781743
0.008954051834925
0.026479569180732
0.009515040542390
-0.023178121903075
-0.023178121903075
0.013345313967867
0.016900036962690
0.019014150319998
0.020504314488075
-0.006942771318319
0.005225731994777
0.019925387240596
0.038147913759964
-0.001260454556234
-0.001968959042475
0.009775554727438
0.042333968567328
0.018126051947356
0.038523127297324
0.020886818283016
0.008630740755193
0.018086262314281
-0.018649612172764
0.000067362654793
0.013167166476225
0.010222291251820
0.022113749969687
0.005834750590690
0.000801424629220
-0.000763605672499
-0.005727106436973
0.027964163835090
-0.004405911178265
0.016821886510613
0.015433951085505
0.012873826716566
0.027471944722583
-0.009512809882280
0.001523103512915
0.021569127615058
0.002631490453193
-0.028148942912835
-0.005588619198380
0.003060613700806
0.003637318642964
-0.004471179354780
0.036984115660827
0.009093899702325
0.015065846336493
-0.008557588910873
-0.010022008071782
0.017886974177656
0.004652582953744
-0.019788625688806
0.015120601430907
0.004016770750547
0.028389484214894
-0.004874807650320
0.026931699698653
0.022103127709569
0.026779197779244
-0.055332643987414
0.001204676971669
-0.016130542236154
0.013590057502450
-0.039802545055330
-0.002185450786698
-0.020705748552030
-0.024825610693671
0.083389380626832
0.038483461805624
0.004122447335154
-0.010937856224426
0.020858804614607
0.051052843549581
0.025135262738945
0.021893162316695
0.044777305119434
-0.009736215395668
0.011624712399932
-0.019887818179157
-0.026650103797894
0.006351062505744
-0.007390566189012
0.017345406731959
-0.040429103189090
-0.057414089954479
-0.022793014003539
0.008064480187854
0.069241429793210
-0.010803582928339
0.004577756708964
-0.004363078518750
0.019919311233405
0.027570411288196
-0.048070673398470
-0.014393415049210
0.008432028479773
-0.010699136350558
0.015238290154906
-0.013412022153995
-0.000792597431650
-0.009016906401766
-0.020427448930145
0.009892675788346
-0.010201764914799
-0.034876372208294
-0.015944714034029
-0.030975497802310
0.011760864317050
0.022340453637710
-0.007403938956387
0.016948994640480
0.038879942708962
-0.012485982487009
-0.020374241231293
-0.000203977117643
0.031944314026244
0.012559327154868
-0.026424650471066
0.012973544983687
0.015728942272200
-0.016798686341082
-0.022010251158441
-0.036347985317134
0.017341273831014
-0.018360874677728
0.024093180351711
-0.022019040704493
-0.008106558649561
0.018363084867212
0.020315250862363
-0.009661829165464
-0.030405218740345
0.032860373494321
-0.024700413146266
0.019944627501983
0.029932816429995
-0.022848927914932
0.013054109735849
-0.007333193332911
-0.010553993827761
0.003147168545134
0.011017609437906
0.018759842025315
-0.008590909471174
0.044568902280073
0.020419597264288
-0.018495541994000
-0.022519452984749
0.023337981797215
-0.003788295577661
-0.021947954675027
0.044429997320125
-0.003810233677303
0.022698719506112
0.014330972812912
-0.032893854896861
-0.009451689467084
0.051340667622895
0.025338960451112
0.000362854502017
0.011455561115563
0.047827378137435
-0.041959721352210
-0.026883962268883
0.006772873761785
0.041084628421973
-0.047996386255775
0.016436304232341
0.022942071869697
0.025288155317430
0.004322065949763
0.069278136931476
-0.001519899003412
0.047098824584903
-0.014118457214721
0.029839977287726
0.023437854322671
-0.027302205461023
-0.029228289015699
0.006972168181380
0.019371039131905
0.032042065775822
-0.026082885205415
0.052715144881720
0.033986495764247
-0.004000262088671
0.040695451734413
0.021976499069009
0.015767303212041
0.017142390969389
-0.003239490454364
0.014826069476432
0.024261257658998
-0.004809763957203
-0.020594714222903
0.008033074465153
-0.036612441931282
-0.004080406123842
0.023162564014630
0.017444674958897
-0.012607702988627
0.010223804002206
0.006804667997280
0.031968350595436
0.031981151442393
-0.008627626102352
0.010779122475596
-0.004539616903936
-0.053905172187070
-0.008928410194960
-0.019792407409142
-0.003217407750850
0.027383125063555
-0.003091701890792
0.025873833725275
0.034186123732330
0.076266283091957
0.016533997229260
-0.021007859488440
0.008432476765617
0.003886462853097
0.019077889306790
0.110754928705166
0.052984754411116
0.005032590466667
0.022884157450108
-0.027129907935995
0.001080070069843
0.025919038392472
0.004509442013391
-0.021079921320022
-0.001764208151294
0.098708760743109
0.036018403611909
0.020305672802439
-0.002041083352537
0.017893024757600
0.039348387682037
-0.042351309444837
-0.016394012825171
0.019077889306790
0.078318806286447
0.029065030324098
-0.000329915854471
-0.036945223082644
0.008665118286300
0.007970262713583
-0.011442349791259
0.010490045555749
-0.013277043970490
0.011128413540005
0.032894439410288
-0.001443792303861
0.000756692564543
0.002404667487152
0.020435801420622
0.073354470315059
0.013425299547031
-0.011687012455552
0.006786652532333
-0.002553634665923
0.022226361087322
0.010567935881898
0.023589195335986
-0.015741187337272
0.043591696402185
-0.017877052967113
0.026543393869197
-0.006762828839947
-0.101425185800761
0.004273322590576
0.011406353943275
0.006199722350810
0.038125519293485
-0.007183745131461
-0.000550256177953
0.005769596677761
-0.021715069276752
-0.011252117696523
-0.023809036391140
-0.000905315766942
0.028765716479680
-0.007808723655801
0.013193579525966
0.014682297774861
-0.021321147420736
0.018331590142468
0.007563611195190
0.000892231763316
0.016173527280895
0.015836575913951
0.016740812481910
0.024320741749808
-0.000198765752902
0.047540518996104
0.001070768470896
0.007281936328083
0.000536500941183
0.020259642747483
0.004682275241810
0.002330240629619
0.006856517819545
0.019841862955916
0.048057193354313
0.012703005380743
-0.086835733191408
0.002293617746232
0.010632331221019
-0.006934532410795
0.000754334358168
0.004764974323161
0.003083972137565
0.008012950014351
0.002145840515186
-0.006727564123611
-0.008445332684580
-0.007473811992868
0.015815729035121
-0.011522084980408
-0.018631429068504
0.041448143599606
0.034979678206472
0.001373294589687
0.018152304193334
-0.017475500324377
0.005539993136423
0.017498700465654
0.050117576341782
-0.060465950840405
0.021828329322989
-0.012250600879073
-0.001966757941470
0.001468492028329
0.005849542939667
0.026212908702789
0.010216207326906
-0.016638922460738
-0.021386932383291
0.011947465724818
0.014444434642867
0.047805287914456
-0.062939515844170
0.008483972515663
0.006963762729016
-0.001340079921743
0.029956546937952
0.001721193194264
0.017160637195720
0.020749406218647
0.065237579598172
-0.011967733095709
0.009187396824278
-0.000346501466751
0.006103442946633
0.015581516163805
0.024014656074016
-0.007788065527780
0.023266700542761
-0.031934883602184
0.010176842362003
-0.001438446884884
0.020478911582493
-0.021929625013711
-0.005836218594645
0.003888721793017
-0.037966476008838
-0.032617021763856
0.002846172492297
0.021273008937708
-0.001023820610193
0.020429896322915
0.020276587182878
-0.053208292563051
-0.001329350097092
0.039530763522303
0.007000482809720
-0.014346092990731
-0.022814388349978
0.018069127742569
-0.018235096395436
0.038751778137336
0.034927883098309
0.008163833857086
0.014768537858481
0.064074751101534
0.010604046233502
0.015165224941328
-0.011810841374306
-0.050305742652522
-0.006289274685641
-0.014879055581132
-0.007037718104400
-0.005216595962523
0.011345921104142
-0.018111952614563
-0.042423849149662
0.001394117180054
-0.014047368904645
0.002177371025214
-0.005040726775937
-0.006472933629430
0.036227199366224
-0.016581540765395
0.014768537858481
0.010602512538304
-0.005250204328275
0.003920880819749
-0.005786810994943
0.006541239778421
-0.012839558789556
0.022375122481260
0.025608120142944
0.005999313523516
-0.008619552975886
0.011103914264183
0.002150996396691
0.005294946535602
-0.000660240902134
-0.021143996733099
-0.036786633957012
0.019067020527696
0.021038181492150
0.019545639879009
-0.026644543078373
0.044869290309114
0.001578156758553
0.002765956110066
-0.015151624176850
-0.015216863497029
-0.037945287886268
-0.018996113652363
0.017212488023788
-0.009305025434593
-0.000837189089692
0.017981794392843
0.023143636027554
0.004091041401558
-0.034465106840606
0.001289633316902
0.003900968235489
0.009220727964044
-0.011000585419207
0.004368387551771
0.004990879730180
-0.007013990496832
0.023959512400078
-0.030338235389017
0.004621339841488
-0.018548948410615
0.008616530939357
-0.014122863496584
0.030362930289958
-0.016113188088006
-0.024949406883411
0.006375711577533
0.020595729871198
-0.026981475117210
0.040130282830032
0.031681759861780
0.029542298792328
-0.010201618119765
-0.020298235005233
0.016352129328746
-0.004882493643107
-0.001252124305230
-0.045759583986534
-0.005174574060772
-0.010607671698192
-0.002935554891048
0.012561333418923
0.014500407647777
-0.020098977961059
0.008583170757239
0.002629433865014
0.012241091479781
0.034837646767120
-0.004082785381014
-0.024085045697179
-0.050362065457374
0.030129539524953
-0.026575210769628
-0.011906522708809
0.002376063976282
0.003245318524630
-0.053672499841062
0.005298185581387
0.007154833628271
0.004893792790314
-0.017693393209296
0.017073672324759
-0.011505189419651
0.012434802800421
-0.000447297094526
0.007289712626134
-0.011334098019509
-0.032142552974800
-0.010373142025968
0.011324531239460
0.034842149964183
0.019821380856940
-0.016363686081412
-0.001695900129789
0.007714481044146
-0.012394295983173
0.012243645016567
0.042955002554208
-0.014839880621695
-0.007141562716533
-0.018228955273156
0.003333696302356
0.005058248452830
-0.002841332928815
0.003469069514356
-0.011005396443926
0.001824783865338
-0.011313069181696
-0.006929395538888
0.006927284055640
0.053547295780947
0.016068847305497
0.005765217618386
0.009382834894001
-0.029308931853262
0.007951491681453
-0.000109542374294
0.023629199153067
-0.001883103757590
-0.005884724522818
-0.009300217189852
-0.057847983578044
0.001206310510847
0.034184899320810
-0.030853994892910
-0.005714496652969
0.015499356065824
0.031695762889591
-0.012067131937126
-0.000299213883130
0.016170259203451
-0.009156378190221
0.016872300853562
0.021560580580116
-0.008456179383657
0.006737331551495
-0.014497201091374
0.018311346767450
-0.001068865200099
0.003182662350650
-0.017040861064985
0.026935919430866
0.008407267605483
0.004673901718195
0.020359389431088
0.029086129421324
0.013177192282859
0.032842093905510
0.009580472273737
-0.033594643191340
0.039024200097789
0.030136043600993
0.016939491040527
-0.041499377836751
0.013228646921244
0.000020757843549
0.032494536888992
0.018612485309055
-0.025264996930375
0.034757812860471
0.000302804757240
0.092588695329041
0.005913858174557
-0.011868575243329
0.021925350983996
0.069416293073457
0.011979222102611
0.030066307275618
-0.032143438785456
-0.001824346006980
-0.018258852783566
0.013168207608887
0.017397317991445
0.025012372472433
-0.001915463732984
-0.003929650985444
0.036850237919560
-0.007854375229768
-0.005413079765300
0.021925943731017
0.010200271544795
0.014755627093302
-0.004571093549688
-0.004068645052283
0.037126722361615
0.009175774297031
-0.006106859108691
-0.026354326757940
-0.021818056964029
0.007346683491721
-0.009953500975063
-0.012612276052666
-0.024217724052672
0.013989705886868
0.024197201710793
-0.019709265128861
0.000538010288063
-0.007761426594546
0.036598426670127
-0.009795281904298
-0.010404292934636
-0.006210931379802
-0.002025169807931
0.051728860842180
0.005949132588381
-0.031436170715189
0.027215907370637
0.012717570488921
-0.012699757800442
0.035099989360610
0.063480434358141
0.009855230765526
0.001642484938279
0.018659699224573
-0.016734718933137
0.013288248263730
0.017158785912123
0.009827660281199
0.010696996769823
0.014963150162950
-0.010747189138896
-0.018001613805031
0.008114815007763
-0.024552547267439
0.006598580677820
-0.008747217429201
-0.015487338294578
0.022570635945040
0.006541027785860
-0.019365099360633
-0.047104202331522
0.007522090283483
-0.014135804109878
0.019622732643857
-0.006637793009383
-0.028276092910733
0.016441470643745
-0.000162264166591
0.030623028105184
0.021509904856782
-0.113068223322620
-0.015178850530247
-0.005355595397623
0.002655251581930
0.006002142825193
-0.007938497919269
-0.023417309918897
-0.057998311872592
0.002723176851635
-0.043044758156078
-0.003595586087695
0.027844097412003
-0.021505264599178
-0.002197519869167
-0.036503557085703
0.005918485786915
0.009840737189180
-0.010005978083720
0.017372775561575
-0.027416536567963
0.023475404205536
0.038684211738724
-0.005514630580487
-0.018048150382869
-0.044198921473847
-0.000758537672044
-0.010316597504659
0.009464949164560
0.020768217297899
0.042734574576136
0.009372450482116
0.010634903303083
-0.013796255618124
0.021899308613651
0.016886498776505
0.031213209932028
0.018222383413892
0.017797754485698
-0.017799911769815
-0.007169766708993
-0.000062139874083
0.029033892871509
-0.019114031147821
-0.022458456886856
-0.056057052495376
-0.008098911062214
0.030139365823532
