0.001453 0.000000 
-0.000000 -0.033115 
0.015114 0.000000 
0.000000 -0.147783 
0.000000 -0.147783 
0.006026 0.000000 
0.000000 -0.147783 
0.000000 -0.034089 
0.000000 -0.029740 
0.001144 0.000000 
0.000000 -0.062256 
0.000000 -0.042863 
0.000000 -0.001573 
0.000000 -0.147783 
0.000000 -0.147783 
0.000000 -0.147783 
0.000000 -0.033387 
0.000000 -0.040032 
0.000000 -0.025035 
0.000000 -0.147783 
0.000000 -0.147783 
0.000000 -0.076809 
0.000000 -0.001573 
0.000000 -0.147783 
0.000000 -0.040032 
0.000000 -0.062256 
0.036395 0.000000 
0.000000 -0.001573 
0.000000 -0.001573 
0.000000 -0.001573 
0.000000 -0.009847 
0.000000 -0.147783 
0.000000 -0.147783 
0.000000 -0.084480 
0.000000 -0.052443 
0.036395 0.000000 
0.000000 -0.147783 
0.058317 0.000000 
0.142681 0.000000 
0.104746 0.000000 
0.006214 0.000000 
0.142681 0.000000 
0.000000 -0.001573 
0.000000 -0.011700 
0.072672 0.000000 
0.142681 0.000000 
0.096252 0.000000 
0.142681 0.000000 
0.000000 -0.026418 
0.000000 -0.001573 
0.000000 -0.147783 
0.000000 -0.020590 
0.000000 -0.014361 
0.000000 -0.147783 
0.000000 -0.147783 
0.000000 -0.089220 
0.000000 -0.001573 
0.026904 0.000000 
0.000000 -0.147783 
0.016564 0.000000 
0.036395 0.000000 
0.000000 -0.056915 
0.142681 0.000000 
0.016564 0.000000 
0.058317 0.000000 
0.000000 -0.000704 
0.000000 -0.062256 
0.000000 -0.001573 
0.000000 -0.001573 
0.000000 -0.006657 
0.000000 -0.029006 
0.058317 0.000000 
0.142681 0.000000 
0.006026 0.000000 
0.000000 -0.062256 
0.000000 -0.026418 
0.013879 0.000000 
0.142681 0.000000 
0.142681 0.000000 
0.000000 -0.147783 
0.000000 -0.147783 
0.000000 -0.034089 
0.000000 -0.147783 
0.000000 -0.034089 
0.000000 -0.147783 
0.013879 0.000000 
0.000000 -0.001573 
0.072672 0.000000 
0.000000 -0.147783 
0.000000 -0.003310 
0.000000 -0.023798 
0.000000 -0.147783 
0.042426 0.000000 
0.000000 -0.147783 
0.000000 -0.147783 
0.000000 -0.147783 
0.000000 -0.147783 
0.000000 -0.147783 
0.070209 0.000000 
0.000000 -0.147783 
0.000000 -0.001573 
0.000000 -0.087100 
0.000000 -0.040032 
0.142681 0.000000 
0.142681 0.000000 
0.142681 0.000000 
0.000000 -0.001573 
0.000000 -0.011386 
0.022966 0.000000 
0.142681 0.000000 
0.000000 -0.087100 
0.142681 0.000000 
0.068468 0.000000 
0.142681 0.000000 
0.000000 -0.087100 
0.000000 -0.001573 
0.142681 0.000000 
0.000000 -0.048642 
0.000000 -0.040032 
0.142681 0.000000 
0.058317 0.000000 
0.033810 0.000000 
0.007315 0.000000 
0.000000 -0.041660 
0.000000 -0.001573 
0.000000 -0.147783 
0.000000 -0.147783 
0.000000 -0.040032 
0.000000 -0.147783 
0.000000 -0.062256 
0.000000 -0.147783 
0.000000 -0.043067 
0.000000 -0.147783 
0.000000 -0.001573 
0.023969 0.000000 
0.000000 -0.006657 
0.142681 0.000000 
0.054026 0.000000 
0.142681 0.000000 
0.030533 0.000000 
0.142681 0.000000 
0.012492 0.000000 
0.001956 0.000000 
0.142681 0.000000 
0.036395 0.000000 
0.142681 0.000000 
0.000000 -0.001573 
0.000000 -0.147783 
0.000000 -0.147783 
0.000000 -0.147783 
0.000000 -0.147783 
0.000000 -0.062256 
0.000000 -0.147783 
0.000000 -0.147783 
0.142681 0.000000 
0.142681 0.000000 
0.000000 -0.011386 
0.142681 0.000000 
0.142681 0.000000 
0.012492 0.000000 
0.142681 0.000000 
0.017679 0.000000 
0.000000 -0.147783 
0.000000 -0.147783 
0.000000 -0.001573 
0.000000 -0.147783 
0.000000 -0.076809 
0.000000 -0.147783 
0.000000 -0.001573 
0.000000 -0.147783 
0.000000 -0.048642 
0.000000 -0.001573 
0.000000 -0.001573 
0.142681 0.000000 
0.142681 0.000000 
0.000000 -0.021678 
0.025145 0.000000 
0.058317 0.000000 
0.000000 -0.087100 
0.000000 -0.018266 
0.011888 0.000000 
0.000000 -0.001573 
0.000000 -0.087100 
0.000000 -0.147783 
0.000000 -0.147783 
0.000000 -0.001573 
0.026243 0.000000 
0.000000 -0.147783 
0.000000 -0.001573 
0.000000 -0.147783 
0.058317 0.000000 
0.000000 -0.066996 
0.000000 -0.029740 
0.042897 0.000000 
0.082823 0.000000 
0.142681 0.000000 
0.142681 0.000000 
0.058317 0.000000 
0.034216 0.000000 
0.000000 -0.015187 
0.000000 -0.062256 
0.142681 0.000000 
0.000000 -0.019927 
0.142681 0.000000 
0.000000 -0.019927 
0.058317 0.000000 
0.142681 0.000000 
0.000000 -0.001573 
0.000000 -0.087100 
0.058317 0.000000 
0.142681 0.000000 
0.142681 0.000000 
0.142681 0.000000 
0.000000 -0.001573 
0.044888 0.000000 
0.000000 -0.001573 
0.000000 -0.147783 
0.000000 -0.001573 
0.000000 -0.048642 
0.000000 -0.147783 
0.078148 0.000000 
0.000000 -0.147783 
0.000000 -0.023798 
0.000000 -0.147783 
0.000000 -0.045372 
0.000000 -0.147783 
0.000000 -0.147783 
0.000000 -0.147783 
0.000000 -0.147783 
0.000000 -0.040032 
0.000000 -0.147783 
0.142681 0.000000 
0.142681 0.000000 
0.142681 0.000000 
0.142681 0.000000 
0.142681 0.000000 
0.142681 0.000000 
0.142681 0.000000 
0.142681 0.000000 
0.000000 -0.115267 
0.110607 0.000000 
0.000000 -0.040032 
0.142681 0.000000 
0.142681 0.000000 
0.058317 0.000000 
0.082823 0.000000 
0.038857 0.000000 
0.142681 0.000000 
0.000000 -0.009245 
0.000000 -0.001573 
0.000000 -0.119616 
0.000000 -0.062256 
0.000000 -0.100714 
0.000000 -0.147783 
0.000000 -0.147783 
0.000000 -0.100714 
0.000000 -0.147783 
0.000000 -0.001573 
0.000000 -0.147783 
0.000000 -0.147783 
0.036395 0.000000 
0.000000 -0.147783 
0.000000 -0.147783 
0.000000 -0.012393 
0.000000 -0.147783 
0.000000 -0.062256 
0.000000 -0.147783 
0.000000 -0.147783 
0.142681 0.000000 
0.142681 0.000000 
0.142681 0.000000 
0.142681 0.000000 
0.142681 0.000000 
0.082823 0.000000 
0.142681 0.000000 
0.072672 0.000000 
0.000000 -0.147783 
0.000000 -0.147783 
0.000000 -0.019927 
0.000000 -0.147783 
0.000000 -0.147783 
0.000000 -0.100714 
0.000000 -0.043067 
0.000000 -0.010551 
0.000000 -0.001573 
0.000000 -0.147783 
0.082823 0.000000 
0.000000 -0.001573 
0.000000 -0.147783 
0.066169 0.000000 
0.000000 -0.001573 
0.142681 0.000000 
0.020381 0.000000 
0.044888 0.000000 
0.000000 -0.062256 
0.096252 0.000000 
0.000000 -0.001573 
0.000000 -0.115267 
0.142681 0.000000 
0.058317 0.000000 
0.142681 0.000000 
0.142681 0.000000 
0.142681 0.000000 
0.000000 -0.147783 
0.000000 -0.076809 
0.000000 -0.147783 
0.000000 -0.147783 
0.000000 -0.147783 
0.000000 -0.147783 
0.000000 -0.147783 
0.000000 -0.147783 
0.000000 -0.147783 
0.000000 -0.001573 
0.000000 -0.109325 
0.000000 -0.147783 
0.000000 -0.147783 
0.000000 -0.147783 
0.000000 -0.147783 
0.000000 -0.087100 
0.000000 -0.147783 
0.000000 -0.147783 
0.000000 -0.147783 
0.000000 -0.001573 
0.000000 -0.147783 
0.000000 -0.147783 
0.000000 -0.001573 
0.000000 -0.147783 
0.000000 -0.147783 
0.142681 0.000000 
0.000000 -0.062256 
0.000000 -0.017205 
0.000000 -0.007688 
0.000000 -0.001573 
0.000000 -0.147783 
0.000000 -0.147783 
0.000000 -0.062256 
0.000000 -0.007871 
0.142681 0.000000 
0.142681 0.000000 
0.142681 0.000000 
0.000000 -0.062256 
0.000000 -0.001573 
0.000000 -0.001573 
0.000000 -0.115267 
0.000000 -0.062256 
0.142681 0.000000 
0.142681 0.000000 
0.142681 0.000000 
0.142681 0.000000 
0.142681 0.000000 
0.142681 0.000000 
0.142681 0.000000 
0.142681 0.000000 
0.142681 0.000000 
0.110607 0.000000 
0.142681 0.000000 
0.058317 0.000000 
0.000000 -0.040032 
0.142681 0.000000 
0.142681 0.000000 
0.142681 0.000000 
0.142681 0.000000 
0.142681 0.000000 
0.142681 0.000000 
0.000000 -0.147783 
0.000000 -0.147783 
0.000000 -0.109325 
0.058317 0.000000 
0.000000 -0.001573 
0.000000 -0.032497 
0.000000 -0.147783 
0.000000 -0.001573 
0.000000 -0.147783 
0.000000 -0.147783 
0.000000 -0.147783 
0.000000 -0.147783 
0.000000 -0.147783 
0.058317 0.000000 
0.000000 -0.001573 
0.142681 0.000000 
0.058317 0.000000 
0.082823 0.000000 
0.142681 0.000000 
0.026243 0.000000 
0.000000 -0.147783 
0.000000 -0.062256 
0.000000 -0.147783 
0.000000 -0.147783 
0.000000 -0.147783 
0.000000 -0.001573 
0.072672 0.000000 
0.000000 -0.001573 
0.000000 -0.001573 
0.000000 -0.067735 
0.000000 -0.147783 
0.000000 -0.147783 
0.000000 -0.062256 
0.000000 -0.147783 
0.000000 -0.147783 
0.000000 -0.147783 
0.142681 0.000000 
0.082823 0.000000 
0.000000 -0.034089 
0.142681 0.000000 
0.104746 0.000000 
0.142681 0.000000 
0.142681 0.000000 
0.142681 0.000000 
0.000000 -0.034089 
0.000000 -0.001573 
0.000000 -0.147783 
0.000000 -0.147783 
0.000000 -0.087100 
0.000000 -0.147783 
0.000000 -0.001573 
0.000000 -0.147783 
0.000000 -0.147783 
0.000000 -0.147783 
0.000000 -0.062256 
0.000000 -0.147783 
0.000000 -0.147783 
0.000000 -0.147783 
0.000000 -0.147783 
0.000000 -0.147783 
0.000000 -0.087100 
0.044888 0.000000 
0.142681 0.000000 
0.142681 0.000000 
0.000000 -0.001573 
0.000000 -0.001573 
0.000000 -0.147783 
0.000000 -0.147783 
0.000000 -0.147783 
0.000000 -0.087100 
0.000000 -0.147783 
0.000000 -0.001573 
0.000000 -0.001573 
0.000000 -0.147783 
0.000000 -0.147783 
0.044888 0.000000 
0.000000 -0.147783 
0.000000 -0.001573 
0.044888 0.000000 
0.142681 0.000000 
0.142681 0.000000 
0.142681 0.000000 
0.142681 0.000000 
0.058317 0.000000 
0.142681 0.000000 
0.096252 0.000000 
0.058317 0.000000 
0.076421 0.000000 
0.142681 0.000000 
0.142681 0.000000 
0.142681 0.000000 
0.036395 0.000000 
0.142681 0.000000 
0.000000 -0.001573 
0.000000 -0.147783 
0.000000 -0.147783 
0.000000 -0.147783 
0.000000 -0.001573 
0.058317 0.000000 
0.000000 -0.147783 
0.000000 -0.147783 
0.000000 -0.147783 
0.082823 0.000000 
0.000000 -0.147783 
0.058317 0.000000 
0.142681 0.000000 
0.000000 -0.001573 
0.142681 0.000000 
0.142681 0.000000 
0.142681 0.000000 
0.142681 0.000000 
0.142681 0.000000 
0.142681 0.000000 
0.142681 0.000000 
0.142681 0.000000 
0.000000 -0.147783 
0.000000 -0.048642 
0.000000 -0.035854 
0.000000 -0.001573 
0.000000 -0.147783 
0.000000 -0.001573 
0.000000 -0.147783 
0.000000 -0.147783 
0.000000 -0.001573 
0.142681 0.000000 
0.142681 0.000000 
0.000000 -0.062256 
0.013879 0.000000 
0.142681 0.000000 
0.142681 0.000000 
0.142681 0.000000 
0.142681 0.000000 
0.013879 0.000000 
0.142681 0.000000 
0.040212 0.000000 
0.142681 0.000000 
0.000000 -0.001573 
0.142681 0.000000 
0.142681 0.000000 
0.000000 -0.147783 
0.000000 -0.147783 
0.000000 -0.062256 
0.000000 -0.147783 
0.000000 -0.147783 
0.000000 -0.147783 
0.000000 -0.147783 
0.000000 -0.040032 
0.000000 -0.147783 
0.000000 -0.001573 
0.048637 0.000000 
0.000000 -0.147783 
0.000000 -0.147783 
0.000000 -0.147783 
0.142681 0.000000 
0.142681 0.000000 
0.142681 0.000000 
0.142681 0.000000 
0.142681 0.000000 
0.142681 0.000000 
0.142681 0.000000 
0.000000 -0.147783 
0.000000 -0.001573 
0.000000 -0.147783 
0.000000 -0.147783 
0.000000 -0.147783 
0.000000 -0.001573 
0.000000 -0.147783 
0.000000 -0.147783 
0.000000 -0.147783 
0.000000 -0.147783 
0.000000 -0.147783 
0.072672 0.000000 
0.142681 0.000000 
0.142681 0.000000 
0.142681 0.000000 
0.000000 -0.001573 
0.142681 0.000000 
0.000000 -0.147783 
0.000000 -0.087100 
0.000000 -0.147783 
0.000000 -0.147783 
0.000000 -0.001573 
0.000000 -0.147783 
0.000000 -0.147783 
0.000000 -0.147783 
0.142681 0.000000 
0.142681 0.000000 
0.142681 0.000000 
0.142681 0.000000 
0.142681 0.000000 
0.142681 0.000000 
0.104746 0.000000 
0.000000 -0.147783 
0.000000 -0.147783 
0.044888 0.000000 
0.058317 0.000000 
0.142681 0.000000 
0.142681 0.000000 
0.000000 -0.115267 
0.142681 0.000000 
0.142681 0.000000 
0.000000 -0.001573 
0.058317 0.000000 
0.069566 0.000000 
0.142681 0.000000 
0.142681 0.000000 
0.142681 0.000000 
0.000000 -0.001573 
0.007315 0.000000 
0.142681 0.000000 
0.142681 0.000000 
0.000000 -0.087100 
0.142681 0.000000 
0.142681 0.000000 
0.036395 0.000000 
0.142681 0.000000 
0.142681 0.000000 
0.142681 0.000000 
0.000000 -0.147783 
0.000000 -0.147783 
0.000000 -0.147783 
0.000000 -0.147783 
0.000000 -0.147783 
0.000000 -0.147783 
0.000000 -0.062256 
0.000000 -0.147783 
0.000000 -0.147783 
0.142681 0.000000 
0.044888 0.000000 
0.058317 0.000000 
0.142681 0.000000 
0.142681 0.000000 
0.142681 0.000000 
0.142681 0.000000 
0.142681 0.000000 
0.142681 0.000000 
0.142681 0.000000 
0.000000 -0.147783 
0.000000 -0.087100 
0.000000 -0.147783 
0.000000 -0.147783 
0.000000 -0.147783 
0.000000 -0.147783 
0.000000 -0.147783 
0.000000 -0.147783 
0.000000 -0.001573 
0.000000 -0.147783 
0.000000 -0.001573 
0.000000 -0.147783 
0.000000 -0.001573 
0.000000 -0.147783 
0.142681 0.000000 
0.000000 -0.147783 
0.000000 -0.147783 
0.000000 -0.062256 
0.000000 -0.147783 
0.020381 0.000000 
0.142681 0.000000 
0.000000 -0.062256 
0.142681 0.000000 
0.000000 -0.062256 
0.142681 0.000000 
0.000000 -0.076809 
0.036395 0.000000 
0.142681 0.000000 
0.142681 0.000000 
0.000000 -0.147783 
0.000000 -0.001573 
0.036395 0.000000 
0.000000 -0.147783 
0.000000 -0.147783 
0.142681 0.000000 
0.142681 0.000000 
0.142681 0.000000 
0.142681 0.000000 
0.142681 0.000000 
0.044888 0.000000 
0.000000 -0.147783 
0.000000 -0.147783 
0.000000 -0.147783 
0.000000 -0.147783 
0.000000 -0.147783 
0.000000 -0.147783 
0.036395 0.000000 
0.142681 0.000000 
0.000000 -0.040032 
0.142681 0.000000 
0.000000 -0.001573 
0.000000 -0.001573 
0.058317 0.000000 
0.142681 0.000000 
0.142681 0.000000 
0.058317 0.000000 
0.142681 0.000000 
0.142681 0.000000 
0.142681 0.000000 
0.000000 -0.001573 
0.142681 0.000000 
0.142681 0.000000 
0.000000 -0.001573 
0.000000 -0.147783 
0.058317 0.000000 
0.000000 -0.147783 
0.000000 -0.147783 
0.096252 0.000000 
0.058317 0.000000 
0.044888 0.000000 
0.018290 0.000000 
0.000000 -0.147783 
0.000000 -0.100714 
0.000000 -0.001573 
0.000000 -0.147783 
0.000000 -0.062256 
0.000000 -0.001573 
0.000000 -0.062256 
0.000000 -0.062256 
0.000000 -0.001573 
0.000000 -0.087100 
0.000000 -0.001573 
0.142681 0.000000 
0.142681 0.000000 
0.142681 0.000000 
0.142681 0.000000 
0.142681 0.000000 
0.142681 0.000000 
0.142681 0.000000 
0.142681 0.000000 
0.000000 -0.147783 
0.000000 -0.147783 
0.000000 -0.147783 
0.000000 -0.147783 
0.082823 0.000000 
0.000000 -0.001573 
0.142681 0.000000 
0.142681 0.000000 
0.000000 -0.147783 
0.000000 -0.147783 
0.000000 -0.147783 
0.068468 0.000000 
0.142681 0.000000 
0.142681 0.000000 
0.142681 0.000000 
0.000000 -0.147783 
0.000000 -0.147783 
0.000000 -0.147783 
0.000000 -0.147783 
0.058317 0.000000 
0.000000 -0.001573 
0.000000 -0.147783 
0.000000 -0.001573 
0.142681 0.000000 
0.142681 0.000000 
0.096252 0.000000 
0.142681 0.000000 
0.142681 0.000000 
0.142681 0.000000 
0.142681 0.000000 
0.142681 0.000000 
0.000000 -0.147783 
0.000000 -0.001573 
0.000000 -0.001573 
0.000000 -0.001573 
0.000000 -0.062256 
0.000000 -0.147783 
0.082823 0.000000 
0.142681 0.000000 
0.142681 0.000000 
0.142681 0.000000 
0.142681 0.000000 
0.142681 0.000000 
0.142681 0.000000 
0.082823 0.000000 
0.142681 0.000000 
0.142681 0.000000 
0.142681 0.000000 
0.142681 0.000000 
0.142681 0.000000 
0.142681 0.000000 
0.142681 0.000000 
0.000000 -0.001573 
0.142681 0.000000 
0.000000 -0.147783 
0.000000 -0.147783 
0.000000 -0.147783 
0.000000 -0.147783 
0.000000 -0.001573 
0.000000 -0.147783 
0.000000 -0.147783 
0.000000 -0.147783 
0.000000 -0.001573 
0.000000 -0.147783 
0.000000 -0.094772 
0.000000 -0.147783 
0.142681 0.000000 
0.142681 0.000000 
0.142681 0.000000 
0.142681 0.000000 
0.000000 -0.001573 
0.142681 0.000000 
0.142681 0.000000 
0.000000 -0.001573 
0.036395 0.000000 
0.000000 -0.087100 
0.000000 -0.147783 
0.000000 -0.062256 
0.000000 -0.147783 
0.000000 -0.054585 
0.000000 -0.001573 
0.142681 0.000000 
0.142681 0.000000 
0.142681 0.000000 
0.142681 0.000000 
0.000000 -0.147783 
0.000000 -0.147783 
0.000000 -0.001573 
0.000000 -0.001573 
0.000000 -0.147783 
0.142681 0.000000 
0.058317 0.000000 
0.036395 0.000000 
0.142681 0.000000 
0.142681 0.000000 
0.142681 0.000000 
0.000000 -0.001573 
0.142681 0.000000 
0.142681 0.000000 
0.142681 0.000000 
0.142681 0.000000 
0.142681 0.000000 
0.142681 0.000000 
0.142681 0.000000 
0.058317 0.000000 
0.142681 0.000000 
0.142681 0.000000 
0.000000 -0.100714 
0.000000 -0.147783 
0.000000 -0.147783 
0.000000 -0.001573 
0.000000 -0.147783 
0.000000 -0.147783 
0.082823 0.000000 
0.142681 0.000000 
0.142681 0.000000 
0.142681 0.000000 
0.142681 0.000000 
0.142681 0.000000 
0.000000 -0.062256 
0.142681 0.000000 
0.142681 0.000000 
0.142681 0.000000 
0.000000 -0.001573 
0.000000 -0.147783 
0.000000 -0.062256 
0.000000 -0.147783 
0.000000 -0.147783 
0.000000 -0.147783 
0.000000 -0.001573 
0.000000 -0.147783 
0.142681 0.000000 
0.026243 0.000000 
0.142681 0.000000 
0.142681 0.000000 
0.104746 0.000000 
0.000000 -0.147783 
0.000000 -0.147783 
0.000000 -0.001573 
0.000000 -0.040032 
0.142681 0.000000 
0.142681 0.000000 
0.082823 0.000000 
0.142681 0.000000 
0.000000 -0.001573 
0.000000 -0.062256 
0.000000 -0.147783 
0.000000 -0.147783 
0.000000 -0.147783 
0.000000 -0.087100 
0.048637 0.000000 
0.000000 -0.147783 
0.000000 -0.147783 
0.000000 -0.147783 
0.036395 0.000000 
0.000000 -0.001573 
0.000000 -0.147783 
0.000000 -0.147783 
0.026243 0.000000 
0.058317 0.000000 
0.142681 0.000000 
0.058317 0.000000 
0.000000 -0.076809 
0.000000 -0.062256 
0.142681 0.000000 
0.142681 0.000000 
0.142681 0.000000 
0.142681 0.000000 
0.000000 -0.147783 
0.000000 -0.001573 
0.142681 0.000000 
0.142681 0.000000 
0.142681 0.000000 
0.142681 0.000000 
0.142681 0.000000 
0.142681 0.000000 
0.142681 0.000000 
0.142681 0.000000 
0.000000 -0.001573 
0.142681 0.000000 
0.000000 -0.147783 
0.000000 -0.147783 
0.000000 -0.147783 
0.000000 -0.087100 
0.000000 -0.147783 
0.000000 -0.001573 
0.000000 -0.109325 
0.142681 0.000000 
0.000000 -0.001573 
0.000000 -0.001573 
0.142681 0.000000 
0.142681 0.000000 
0.036395 0.000000 
0.000000 -0.147783 
0.000000 -0.147783 
0.142681 0.000000 
0.000000 -0.001573 
0.142681 0.000000 
0.000000 -0.001573 
0.142681 0.000000 
0.142681 0.000000 
0.000000 -0.001573 
0.142681 0.000000 
0.142681 0.000000 
0.000000 -0.147783 
0.000000 -0.001573 
0.000000 -0.147783 
0.000000 -0.147783 
0.000000 -0.147783 
0.000000 -0.023798 
0.000000 -0.087100 
0.000000 -0.147783 
0.058317 0.000000 
0.033218 0.000000 
0.142681 0.000000 
0.142681 0.000000 
0.142681 0.000000 
0.000000 -0.001573 
0.142681 0.000000 
0.142681 0.000000 
0.142681 0.000000 
0.142681 0.000000 
0.142681 0.000000 
0.142681 0.000000 
0.142681 0.000000 
0.142681 0.000000 
0.142681 0.000000 
0.000000 -0.062256 
0.000000 -0.048642 
0.000000 -0.001573 
0.036395 0.000000 
0.000000 -0.062256 
0.000000 -0.001573 
0.000000 -0.040032 
0.000000 -0.087100 
0.142681 0.000000 
0.142681 0.000000 
0.000000 -0.040032 
0.000000 -0.001573 
0.000000 -0.147783 
0.058317 0.000000 
0.000000 -0.147783 
0.000000 -0.001573 
0.000000 -0.147783 
0.036395 0.000000 
0.000000 -0.147783 
0.000000 -0.147783 
0.000000 -0.119616 
0.000000 -0.147783 
0.000000 -0.147783 
0.000000 -0.147783 
0.142681 0.000000 
0.000000 -0.001573 
0.000000 -0.087100 
0.000000 -0.023798 
0.000000 -0.147783 
0.000000 -0.001573 
0.000000 -0.147783 
0.142681 0.000000 
0.142681 0.000000 
0.142681 0.000000 
0.142681 0.000000 
0.142681 0.000000 
0.142681 0.000000 
0.000000 -0.001573 
0.142681 0.000000 
0.082823 0.000000 
0.142681 0.000000 
0.142681 0.000000 
0.142681 0.000000 
0.142681 0.000000 
0.142681 0.000000 
0.058317 0.000000 
0.142681 0.000000 
0.142681 0.000000 
0.000000 -0.147783 
0.058317 0.000000 
0.000000 -0.001573 
0.000000 -0.109325 
0.000000 -0.109325 
0.000000 -0.062256 
0.000000 -0.147783 
0.000000 -0.001573 
0.000000 -0.001573 
0.082823 0.000000 
0.058317 0.000000 
0.000000 -0.040032 
0.142681 0.000000 
0.142681 0.000000 
0.142681 0.000000 
0.000000 -0.001573 
0.142681 0.000000 
0.142681 0.000000 
0.142681 0.000000 
0.000000 -0.147783 
0.000000 -0.147783 
0.000000 -0.087100 
0.000000 -0.147783 
0.000000 -0.001573 
0.000000 -0.147783 
0.000000 -0.147783 
0.000000 -0.147783 
0.000000 -0.001573 
0.000000 -0.147783 
0.000000 -0.001573 
0.000000 -0.100714 
0.000000 -0.001573 
0.000000 -0.147783 
0.000000 -0.147783 
0.142681 0.000000 
0.142681 0.000000 
0.142681 0.000000 
0.142681 0.000000 
0.000000 -0.147783 
0.000000 -0.147783 
0.000000 -0.147783 
0.000000 -0.147783 
0.000000 -0.147783 
0.142681 0.000000 
0.000000 -0.001573 
0.000000 -0.001573 
0.142681 0.000000 
0.000000 -0.001573 
0.142681 0.000000 
0.142681 0.000000 
0.000000 -0.001573 
0.082823 0.000000 
0.142681 0.000000 
0.000000 -0.001573 
0.142681 0.000000 
0.142681 0.000000 
0.142681 0.000000 
0.142681 0.000000 
0.000000 -0.001573 
0.142681 0.000000 
0.000000 -0.147783 
0.000000 -0.147783 
0.000000 -0.147783 
0.000000 -0.001573 
0.000000 -0.147783 
0.000000 -0.147783 
0.000000 -0.147783 
0.000000 -0.147783 
0.142681 0.000000 
0.142681 0.000000 
0.142681 0.000000 
0.142681 0.000000 
0.142681 0.000000 
0.142681 0.000000 
0.142681 0.000000 
0.142681 0.000000 
0.142681 0.000000 
0.142681 0.000000 
0.142681 0.000000 
0.142681 0.000000 
0.142681 0.000000 
0.142681 0.000000 
0.142681 0.000000 
0.142681 0.000000 
0.142681 0.000000 
0.000000 -0.147783 
0.000000 -0.147783 
0.000000 -0.147783 
0.000000 -0.147783 
0.000000 -0.147783 
0.000000 -0.147783 
0.000000 -0.147783 
0.000000 -0.147783 
0.000000 -0.062256 
0.142681 0.000000 
0.142681 0.000000 
0.000000 -0.040032 
0.142681 0.000000 
0.142681 0.000000 
0.142681 0.000000 
0.142681 0.000000 
0.142681 0.000000 
0.142681 0.000000 
0.142681 0.000000 
0.142681 0.000000 
0.000000 -0.147783 
0.000000 -0.147783 
0.000000 -0.147783 
0.000000 -0.147783 
0.000000 -0.001573 
0.000000 -0.147783 
0.000000 -0.147783 
0.142681 0.000000 
0.000000 -0.001573 
0.142681 0.000000 
0.142681 0.000000 
0.142681 0.000000 
0.142681 0.000000 
0.000000 -0.001573 
0.000000 -0.147783 
0.000000 -0.147783 
0.000000 -0.001573 
0.000000 -0.147783 
0.000000 -0.147783 
0.058317 0.000000 
0.000000 -0.147783 
0.000000 -0.147783 
0.000000 -0.001573 
0.000000 -0.147783 
0.000000 -0.147783 
0.000000 -0.147783 
0.000000 -0.147783 
0.142681 0.000000 
0.142681 0.000000 
0.142681 0.000000 
0.142681 0.000000 
0.142681 0.000000 
0.142681 0.000000 
0.142681 0.000000 
0.142681 0.000000 
0.000000 -0.147783 
0.000000 -0.040032 
0.000000 -0.147783 
0.000000 -0.147783 
0.000000 -0.147783 
0.000000 -0.001573 
0.142681 0.000000 
0.142681 0.000000 
0.142681 0.000000 
0.000000 -0.001573 
0.000000 -0.147783 
0.000000 -0.147783 
0.000000 -0.147783 
0.000000 -0.147783 
0.000000 -0.147783 
0.000000 -0.147783 
0.000000 -0.147783 
0.000000 -0.147783 
0.000000 -0.147783 
0.000000 -0.147783 
0.000000 -0.147783 
0.000000 -0.147783 
0.000000 -0.001573 
0.142681 0.000000 
0.142681 0.000000 
0.142681 0.000000 
0.142681 0.000000 
0.000000 -0.147783 
0.000000 -0.062256 
0.000000 -0.147783 
0.000000 -0.062256 
0.000000 -0.147783 
0.000000 -0.147783 
0.000000 -0.147783 
0.000000 -0.147783 
0.142681 0.000000 
0.142681 0.000000 
0.142681 0.000000 
0.142681 0.000000 
0.036395 0.000000 
0.000000 -0.147783 
0.000000 -0.147783 
0.000000 -0.147783 
0.000000 -0.001573 
0.000000 -0.001573 
0.000000 -0.147783 
0.142681 0.000000 
0.000000 -0.001573 
0.142681 0.000000 
0.142681 0.000000 
0.142681 0.000000 
0.142681 0.000000 
0.142681 0.000000 
0.142681 0.000000 
0.142681 0.000000 
0.000000 -0.001573 
0.000000 -0.147783 
0.000000 -0.147783 
0.000000 -0.147783 
0.000000 -0.147783 
0.000000 -0.147783 
0.000000 -0.147783 
0.000000 -0.062256 
0.104746 0.000000 
0.000000 -0.001573 
0.142681 0.000000 
0.142681 0.000000 
0.036395 0.000000 
0.000000 -0.001573 
0.142681 0.000000 
0.142681 0.000000 
0.142681 0.000000 
0.142681 0.000000 
0.142681 0.000000 
0.142681 0.000000 
0.142681 0.000000 
0.142681 0.000000 
0.142681 0.000000 
0.104746 0.000000 
0.000000 -0.147783 
0.000000 -0.147783 
0.000000 -0.062256 
0.142681 0.000000 
0.000000 -0.001573 
0.000000 -0.001573 
0.142681 0.000000 
0.142681 0.000000 
0.000000 -0.001573 
0.142681 0.000000 
0.000000 -0.001573 
0.142681 0.000000 
0.142681 0.000000 
0.142681 0.000000 
0.142681 0.000000 
0.142681 0.000000 
0.142681 0.000000 
0.142681 0.000000 
0.000000 -0.001573 
0.142681 0.000000 
0.142681 0.000000 
0.142681 0.000000 
0.000000 -0.147783 
0.000000 -0.147783 
0.000000 -0.001573 
0.000000 -0.147783 
0.000000 -0.147783 
0.142681 0.000000 
0.142681 0.000000 
0.142681 0.000000 
0.142681 0.000000 
0.142681 0.000000 
0.142681 0.000000 
0.142681 0.000000 
0.142681 0.000000 
0.142681 0.000000 
0.142681 0.000000 
0.142681 0.000000 
0.000000 -0.147783 
0.000000 -0.147783 
0.142681 0.000000 
0.142681 0.000000 
0.142681 0.000000 
0.142681 0.000000 
0.142681 0.000000 
0.142681 0.000000 
0.000000 -0.001573 
0.000000 -0.147783 
0.142681 0.000000 
0.058317 0.000000 
0.142681 0.000000 
0.142681 0.000000 
0.142681 0.000000 
0.142681 0.000000 
0.000000 -0.001573 
0.142681 0.000000 
0.058317 0.000000 
0.142681 0.000000 
0.000000 -0.001573 
0.000000 -0.001573 
0.000000 -0.147783 
0.142681 0.000000 
0.142681 0.000000 
0.142681 0.000000 
0.142681 0.000000 
0.142681 0.000000 
0.000000 -0.147783 
0.000000 -0.062256 
0.000000 -0.147783 
0.000000 -0.147783 
0.000000 -0.001573 
0.000000 -0.147783 
0.000000 -0.001573 
0.142681 0.000000 
0.142681 0.000000 
0.000000 -0.001573 
0.000000 -0.147783 
0.000000 -0.147783 
0.000000 -0.147783 
0.000000 -0.147783 
0.000000 -0.147783 
0.000000 -0.147783 
0.000000 -0.001573 
0.000000 -0.001573 
0.142681 0.000000 
0.142681 0.000000 
0.058317 0.000000 
0.142681 0.000000 
0.000000 -0.055959 
0.142681 0.000000 
0.058317 0.000000 
0.142681 0.000000 
0.000000 -0.147783 
0.000000 -0.147783 
0.000000 -0.147783 
0.000000 -0.062256 
0.058317 0.000000 
0.058317 0.000000 
0.000000 -0.001573 
0.142681 0.000000 
0.142681 0.000000 
0.142681 0.000000 
0.000000 -0.147783 
0.000000 -0.147783 
0.000000 -0.062256 
0.000000 -0.147783 
0.000000 -0.147783 
0.000000 -0.062256 
0.142681 0.000000 
0.142681 0.000000 
0.142681 0.000000 
0.142681 0.000000 
0.000000 -0.147783 
0.000000 -0.147783 
0.000000 -0.147783 
0.000000 -0.147783 
0.000000 -0.147783 
0.058317 0.000000 
0.000000 -0.147783 
0.142681 0.000000 
0.142681 0.000000 
0.000000 -0.147783 
0.000000 -0.147783 
0.000000 -0.147783 
0.000000 -0.001573 
0.000000 -0.147783 
0.000000 -0.147783 
0.000000 -0.001573 
0.000000 -0.147783 
0.000000 -0.147783 
0.000000 -0.147783 
0.000000 -0.147783 
0.000000 -0.147783 
0.000000 -0.147783 
0.000000 -0.147783 
0.000000 -0.001573 
0.142681 0.000000 
0.000000 -0.040032 
0.142681 0.000000 
0.142681 0.000000 
0.142681 0.000000 
0.142681 0.000000 
0.142681 0.000000 
0.058317 0.000000 
0.142681 0.000000 
0.142681 0.000000 
0.142681 0.000000 
0.058317 0.000000 
0.000000 -0.001573 
0.142681 0.000000 
0.000000 -0.147783 
0.000000 -0.147783 
0.000000 -0.001573 
0.000000 -0.001573 
0.000000 -0.147783 
0.000000 -0.062256 
0.142681 0.000000 
0.142681 0.000000 
0.142681 0.000000 
0.142681 0.000000 
0.000000 -0.147783 
0.000000 -0.147783 
0.000000 -0.147783 
0.000000 -0.062256 
0.000000 -0.147783 
0.000000 -0.147783 
0.000000 -0.147783 
0.000000 -0.147783 
0.142681 0.000000 
0.142681 0.000000 
0.142681 0.000000 
0.000000 -0.147783 
0.000000 -0.147783 
0.016564 0.000000 
0.000000 -0.147783 
0.000000 -0.001573 
0.142681 0.000000 
0.000000 -0.001573 
0.000000 -0.001573 
0.142681 0.000000 
0.142681 0.000000 
0.000000 -0.001573 
0.142681 0.000000 
0.142681 0.000000 
0.142681 0.000000 
0.142681 0.000000 
0.142681 0.000000 
0.142681 0.000000 
0.142681 0.000000 
0.142681 0.000000 
0.000000 -0.100714 
0.000000 -0.147783 
0.000000 -0.001573 
0.000000 -0.147783 
0.000000 -0.147783 
0.000000 -0.147783 
0.000000 -0.001573 
0.142681 0.000000 
0.000000 -0.001573 
0.142681 0.000000 
0.000000 -0.040032 
0.142681 0.000000 
0.142681 0.000000 
0.142681 0.000000 
0.142681 0.000000 
0.142681 0.000000 
0.142681 0.000000 
0.000000 -0.040032 
0.142681 0.000000 
0.142681 0.000000 
0.000000 -0.001573 
0.000000 -0.147783 
0.000000 -0.147783 
0.000000 -0.147783 
0.000000 -0.087100 
0.142681 0.000000 
0.142681 0.000000 
0.142681 0.000000 
0.142681 0.000000 
0.142681 0.000000 
0.142681 0.000000 
0.082823 0.000000 
0.142681 0.000000 
0.142681 0.000000 
0.142681 0.000000 
0.142681 0.000000 
0.000000 -0.147783 
0.000000 -0.147783 
0.000000 -0.147783 
0.142681 0.000000 
0.142681 0.000000 
0.142681 0.000000 
0.142681 0.000000 
0.142681 0.000000 
0.142681 0.000000 
0.142681 0.000000 
0.058317 0.000000 
0.000000 -0.001573 
0.000000 -0.147783 
0.000000 -0.001573 
0.000000 -0.147783 
0.000000 -0.147783 
0.000000 -0.147783 
0.000000 -0.147783 
0.000000 -0.147783 
0.000000 -0.147783 
0.000000 -0.147783 
0.000000 -0.147783 
0.142681 0.000000 
0.142681 0.000000 
0.142681 0.000000 
0.142681 0.000000 
0.142681 0.000000 
0.142681 0.000000 
0.142681 0.000000 
0.142681 0.000000 
0.142681 0.000000 
0.142681 0.000000 
0.142681 0.000000 
0.142681 0.000000 
0.142681 0.000000 
0.142681 0.000000 
0.000000 -0.147783 
0.000000 -0.147783 
0.000000 -0.062256 
0.000000 -0.147783 
0.000000 -0.147783 
0.000000 -0.001573 
0.000000 -0.147783 
0.000000 -0.147783 
0.000000 -0.076809 
0.000000 -0.147783 
0.000000 -0.001573 
0.000000 -0.001573 
0.142681 0.000000 
0.142681 0.000000 
0.000000 -0.001573 
0.000000 -0.001573 
0.058317 0.000000 
0.000000 -0.147783 
0.000000 -0.147783 
0.000000 -0.147783 
0.142681 0.000000 
0.000000 -0.062256 
0.000000 -0.147783 
0.000000 -0.147783 
0.000000 -0.001573 
0.000000 -0.001573 
0.000000 -0.147783 
0.142681 0.000000 
0.142681 0.000000 
0.142681 0.000000 
0.142681 0.000000 
0.142681 0.000000 
0.000000 -0.147783 
0.000000 -0.147783 
0.000000 -0.147783 
0.000000 -0.147783 
0.000000 -0.147783 
0.000000 -0.001573 
0.000000 -0.001573 
0.000000 -0.147783 
0.000000 -0.147783 
0.000000 -0.001573 
0.142681 0.000000 
0.142681 0.000000 
0.000000 -0.001573 
0.142681 0.000000 
0.142681 0.000000 
0.142681 0.000000 
0.142681 0.000000 
0.000000 -0.001573 
0.000000 -0.062256 
0.000000 -0.147783 
0.142681 0.000000 
0.142681 0.000000 
0.142681 0.000000 
0.142681 0.000000 
0.142681 0.000000 
0.000000 -0.147783 
0.142681 0.000000 
0.000000 -0.147783 
0.000000 -0.147783 
0.000000 -0.147783 
0.000000 -0.147783 
0.000000 -0.147783 
0.000000 -0.001573 
0.000000 -0.147783 
0.000000 -0.147783 
0.000000 -0.147783 
0.000000 -0.147783 
0.058317 0.000000 
0.000000 -0.147783 
0.142681 0.000000 
0.142681 0.000000 
0.142681 0.000000 
0.142681 0.000000 
0.142681 0.000000 
0.000000 -0.001573 
0.000000 -0.062256 
0.000000 -0.147783 
0.000000 -0.147783 
0.000000 -0.147783 
0.000000 -0.147783 
0.000000 -0.147783 
0.000000 -0.147783 
0.142681 0.000000 
0.142681 0.000000 
0.000000 -0.001573 
0.000000 -0.001573 
0.000000 -0.062256 
0.142681 0.000000 
0.000000 -0.001573 
0.142681 0.000000 
0.142681 0.000000 
0.000000 -0.147783 
0.000000 -0.147783 
0.000000 -0.147783 
0.000000 -0.147783 
0.000000 -0.001573 
0.000000 -0.147783 
0.142681 0.000000 
0.000000 -0.147783 
0.000000 -0.147783 
0.000000 -0.147783 
0.000000 -0.147783 
0.000000 -0.147783 
0.000000 -0.147783 
0.000000 -0.147783 
0.000000 -0.147783 
0.000000 -0.147783 
0.000000 -0.147783 
0.000000 -0.001573 
0.142681 0.000000 
0.142681 0.000000 
0.000000 -0.001573 
0.000000 -0.147783 
0.000000 -0.147783 
0.142681 0.000000 
0.142681 0.000000 
0.142681 0.000000 
0.142681 0.000000 
0.000000 -0.147783 
0.000000 -0.147783 
0.000000 -0.147783 
0.000000 -0.147783 
0.000000 -0.147783 
0.000000 -0.147783 
0.058317 0.000000 
0.000000 -0.147783 
0.000000 -0.147783 
0.000000 -0.147783 
0.000000 -0.001573 
0.142681 0.000000 
0.142681 0.000000 
0.142681 0.000000 
0.000000 -0.147783 
0.000000 -0.147783 
0.000000 -0.147783 
0.000000 -0.147783 
0.000000 -0.147783 
0.142681 0.000000 
0.142681 0.000000 
0.142681 0.000000 
0.000000 -0.062256 
0.142681 0.000000 
0.142681 0.000000 
0.142681 0.000000 
0.142681 0.000000 
0.142681 0.000000 
0.142681 0.000000 
0.000000 -0.001573 
0.000000 -0.147783 
0.000000 -0.147783 
0.142681 0.000000 
0.142681 0.000000 
0.142681 0.000000 
0.142681 0.000000 
0.142681 0.000000 
0.142681 0.000000 
0.000000 -0.147783 
0.000000 -0.147783 
0.000000 -0.147783 
0.000000 -0.147783 
0.000000 -0.147783 
0.000000 -0.147783 
0.000000 -0.147783 
0.000000 -0.147783 
0.000000 -0.147783 
0.000000 -0.147783 
0.142681 0.000000 
0.142681 0.000000 
0.142681 0.000000 
0.142681 0.000000 
0.142681 0.000000 
0.000000 -0.062256 
0.000000 -0.147783 
0.000000 -0.147783 
0.000000 -0.147783 
0.000000 -0.001573 
0.000000 -0.147783 
0.000000 -0.147783 
0.000000 -0.147783 
0.000000 -0.147783 
0.142681 0.000000 
0.142681 0.000000 
0.142681 0.000000 
0.000000 -0.147783 
0.000000 -0.147783 
0.000000 -0.001573 
0.000000 -0.147783 
0.000000 -0.147783 
0.000000 -0.147783 
0.000000 -0.147783 
0.058317 0.000000 
0.000000 -0.001573 
0.142681 0.000000 
0.142681 0.000000 
0.104746 0.000000 
0.142681 0.000000 
0.142681 0.000000 
0.142681 0.000000 
0.142681 0.000000 
0.142681 0.000000 
0.142681 0.000000 
0.142681 0.000000 
0.000000 -0.062256 
0.142681 0.000000 
0.000000 -0.147783 
0.142681 0.000000 
0.142681 0.000000 
0.142681 0.000000 
0.142681 0.000000 
0.142681 0.000000 
0.142681 0.000000 
0.142681 0.000000 
0.142681 0.000000 
0.142681 0.000000 
0.058317 0.000000 
0.142681 0.000000 
0.000000 -0.147783 
0.000000 -0.147783 
0.000000 -0.147783 
0.000000 -0.147783 
0.000000 -0.147783 
0.000000 -0.147783 
0.000000 -0.147783 
0.000000 -0.147783 
0.000000 -0.147783 
0.000000 -0.001573 
0.000000 -0.147783 
0.000000 -0.147783 
0.000000 -0.147783 
0.000000 -0.147783 
0.142681 0.000000 
0.000000 -0.001573 
0.142681 0.000000 
0.142681 0.000000 
0.000000 -0.001573 
0.000000 -0.147783 
0.000000 -0.147783 
0.058317 0.000000 
0.000000 -0.147783 
0.000000 -0.147783 
0.000000 -0.147783 
0.000000 -0.147783 
0.000000 -0.001573 
0.000000 -0.147783 
0.000000 -0.147783 
0.000000 -0.147783 
0.142681 0.000000 
0.142681 0.000000 
0.142681 0.000000 
0.142681 0.000000 
0.000000 -0.147783 
0.000000 -0.147783 
0.000000 -0.147783 
0.000000 -0.147783 
0.000000 -0.147783 
0.000000 -0.147783 
0.000000 -0.100714 
0.058317 0.000000 
0.000000 -0.147783 
0.000000 -0.147783 
0.142681 0.000000 
0.142681 0.000000 
0.142681 0.000000 
0.142681 0.000000 
0.142681 0.000000 
0.142681 0.000000 
0.058317 0.000000 
0.142681 0.000000 
0.142681 0.000000 
0.142681 0.000000 
0.142681 0.000000 
0.142681 0.000000 
0.142681 0.000000 
0.142681 0.000000 
0.142681 0.000000 
0.142681 0.000000 
0.142681 0.000000 
0.142681 0.000000 
0.142681 0.000000 
0.142681 0.000000 
0.142681 0.000000 
0.000000 -0.147783 
0.000000 -0.147783 
0.000000 -0.147783 
0.000000 -0.147783 
0.142681 0.000000 
0.142681 0.000000 
0.000000 -0.001573 
0.142681 0.000000 
0.142681 0.000000 
0.142681 0.000000 
0.000000 -0.147783 
0.000000 -0.147783 
0.000000 -0.147783 
0.000000 -0.147783 
0.000000 -0.147783 
0.000000 -0.147783 
0.000000 -0.147783 
0.000000 -0.001573 
0.000000 -0.147783 
0.000000 -0.147783 
0.000000 -0.147783 
0.142681 0.000000 
0.142681 0.000000 
0.000000 -0.062256 
0.142681 0.000000 
0.142681 0.000000 
0.000000 -0.062256 
0.142681 0.000000 
0.000000 -0.147783 
0.142681 0.000000 
0.142681 0.000000 
0.142681 0.000000 
0.142681 0.000000 
0.142681 0.000000 
0.142681 0.000000 
0.142681 0.000000 
0.142681 0.000000 
0.142681 0.000000 
0.142681 0.000000 
0.000000 -0.147783 
0.000000 -0.062256 
0.000000 -0.147783 
0.000000 -0.147783 
0.000000 -0.147783 
0.000000 -0.147783 
0.000000 -0.147783 
0.000000 -0.147783 
0.000000 -0.001573 
0.000000 -0.147783 
0.000000 -0.147783 
0.000000 -0.147783 
0.000000 -0.147783 
0.000000 -0.147783 
0.000000 -0.147783 
0.000000 -0.147783 
0.142681 0.000000 
0.142681 0.000000 
0.142681 0.000000 
0.000000 -0.147783 
0.000000 -0.147783 
0.142681 0.000000 
0.142681 0.000000 
0.142681 0.000000 
0.142681 0.000000 
0.142681 0.000000 
0.000000 -0.147783 
0.000000 -0.147783 
0.000000 -0.147783 
0.000000 -0.147783 
0.142681 0.000000 
0.142681 0.000000 
0.142681 0.000000 
0.142681 0.000000 
0.000000 -0.001573 
0.142681 0.000000 
0.142681 0.000000 
0.142681 0.000000 
0.142681 0.000000 
0.142681 0.000000 
0.142681 0.000000 
0.142681 0.000000 
0.142681 0.000000 
0.142681 0.000000 
0.142681 0.000000 
0.142681 0.000000 
0.000000 -0.147783 
0.000000 -0.147783 
0.000000 -0.147783 
0.142681 0.000000 
0.142681 0.000000 
0.000000 -0.147783 
0.142681 0.000000 
0.142681 0.000000 
0.142681 0.000000 
0.142681 0.000000 
0.142681 0.000000 
0.142681 0.000000 
0.142681 0.000000 
0.142681 0.000000 
0.000000 -0.087100 
0.000000 -0.147783 
0.000000 -0.147783 
0.000000 -0.147783 
0.000000 -0.147783 
0.000000 -0.147783 
0.000000 -0.147783 
0.142681 0.000000 
0.000000 -0.001573 
0.000000 -0.062256 
0.000000 -0.147783 
0.000000 -0.147783 
0.000000 -0.147783 
0.000000 -0.001573 
0.000000 -0.147783 
0.142681 0.000000 
0.142681 0.000000 
0.142681 0.000000 
0.142681 0.000000 
0.000000 -0.001573 
0.142681 0.000000 
0.142681 0.000000 
0.142681 0.000000 
0.000000 -0.147783 
0.000000 -0.147783 
0.000000 -0.147783 
0.058317 0.000000 
0.142681 0.000000 
0.142681 0.000000 
0.142681 0.000000 
0.142681 0.000000 
0.142681 0.000000 
0.142681 0.000000 
0.142681 0.000000 
0.142681 0.000000 
0.142681 0.000000 
0.000000 -0.001573 
0.142681 0.000000 
0.000000 -0.147783 
0.000000 -0.147783 
0.000000 -0.001573 
0.142681 0.000000 
0.142681 0.000000 
0.142681 0.000000 
0.142681 0.000000 
0.142681 0.000000 
0.142681 0.000000 
0.142681 0.000000 
0.142681 0.000000 
0.142681 0.000000 
0.142681 0.000000 
0.142681 0.000000 
0.142681 0.000000 
0.142681 0.000000 
0.000000 -0.147783 
0.000000 -0.147783 
0.142681 0.000000 
0.142681 0.000000 
0.142681 0.000000 
0.142681 0.000000 
0.142681 0.000000 
0.142681 0.000000 
0.142681 0.000000 
0.142681 0.000000 
0.142681 0.000000 
0.142681 0.000000 
0.000000 -0.147783 
0.000000 -0.147783 
0.000000 -0.001573 
0.000000 -0.147783 
0.000000 -0.147783 
0.000000 -0.147783 
0.000000 -0.062256 
0.000000 -0.062256 
0.000000 -0.147783 
0.000000 -0.147783 
0.000000 -0.147783 
0.142681 0.000000 
0.142681 0.000000 
0.142681 0.000000 
0.142681 0.000000 
0.142681 0.000000 
0.142681 0.000000 
0.000000 -0.115267 
0.142681 0.000000 
0.000000 -0.147783 
0.000000 -0.147783 
0.058317 0.000000 
0.142681 0.000000 
0.142681 0.000000 
0.142681 0.000000 
0.142681 0.000000 
0.000000 -0.001573 
0.142681 0.000000 
0.142681 0.000000 
0.142681 0.000000 
0.000000 -0.147783 
0.000000 -0.147783 
0.000000 -0.147783 
0.000000 -0.147783 
0.000000 -0.147783 
0.000000 -0.147783 
0.000000 -0.147783 
0.000000 -0.147783 
0.000000 -0.147783 
0.000000 -0.147783 
0.000000 -0.001573 
0.000000 -0.001573 
0.142681 0.000000 
0.142681 0.000000 
0.142681 0.000000 
0.142681 0.000000 
0.142681 0.000000 
0.142681 0.000000 
0.142681 0.000000 
0.000000 -0.147783 
0.000000 -0.147783 
0.000000 -0.147783 
0.000000 -0.001573 
0.000000 -0.147783 
0.000000 -0.147783 
0.000000 -0.147783 
0.142681 0.000000 
0.000000 -0.062256 
0.142681 0.000000 
0.000000 -0.147783 
0.000000 -0.147783 
0.000000 -0.147783 
0.000000 -0.147783 
0.000000 -0.062256 
0.000000 -0.147783 
0.000000 -0.147783 
0.000000 -0.147783 
0.000000 -0.147783 
0.142681 0.000000 
0.142681 0.000000 
0.142681 0.000000 
0.142681 0.000000 
0.142681 0.000000 
0.000000 -0.001573 
0.000000 -0.147783 
0.000000 -0.001573 
0.142681 0.000000 
0.142681 0.000000 
0.142681 0.000000 
0.142681 0.000000 
0.142681 0.000000 
0.142681 0.000000 
0.142681 0.000000 
0.142681 0.000000 
0.142681 0.000000 
0.000000 -0.001573 
0.142681 0.000000 
0.000000 -0.062256 
0.000000 -0.147783 
0.000000 -0.147783 
0.000000 -0.147783 
0.000000 -0.147783 
0.000000 -0.147783 
0.000000 -0.147783 
0.000000 -0.147783 
0.000000 -0.147783 
0.000000 -0.147783 
0.000000 -0.147783 
0.000000 -0.147783 
0.000000 -0.147783 
0.000000 -0.147783 
0.000000 -0.147783 
0.000000 -0.147783 
0.142681 0.000000 
0.142681 0.000000 
0.142681 0.000000 
0.000000 -0.147783 
0.000000 -0.147783 
0.000000 -0.001573 
0.142681 0.000000 
0.142681 0.000000 
0.142681 0.000000 
0.142681 0.000000 
0.142681 0.000000 
0.142681 0.000000 
0.142681 0.000000 
0.142681 0.000000 
0.142681 0.000000 
0.142681 0.000000 
0.000000 -0.147783 
0.000000 -0.001573 
0.000000 -0.147783 
0.000000 -0.147783 
0.000000 -0.147783 
0.000000 -0.147783 
0.000000 -0.147783 
0.000000 -0.147783 
0.142681 0.000000 
0.142681 0.000000 
0.142681 0.000000 
0.142681 0.000000 
0.142681 0.000000 
0.142681 0.000000 
0.142681 0.000000 
0.142681 0.000000 
0.142681 0.000000 
0.142681 0.000000 
0.142681 0.000000 
0.142681 0.000000 
0.000000 -0.147783 
0.000000 -0.001573 
0.000000 -0.147783 
0.000000 -0.147783 
0.142681 0.000000 
0.142681 0.000000 
0.142681 0.000000 
0.142681 0.000000 
0.142681 0.000000 
0.142681 0.000000 
0.142681 0.000000 
0.142681 0.000000 
0.142681 0.000000 
0.142681 0.000000 
0.142681 0.000000 
0.000000 -0.147783 
0.000000 -0.147783 
0.058317 0.000000 
0.000000 -0.147783 
0.142681 0.000000 
0.142681 0.000000 
0.000000 -0.001573 
0.058317 0.000000 
0.000000 -0.147783 
0.142681 0.000000 
0.000000 -0.001573 
0.000000 -0.147783 
0.000000 -0.147783 
0.000000 -0.147783 
0.000000 -0.147783 
0.000000 -0.147783 
0.000000 -0.147783 
0.142681 0.000000 
0.142681 0.000000 
0.000000 -0.062256 
0.000000 -0.147783 
0.000000 -0.147783 
0.058317 0.000000 
0.000000 -0.147783 
0.000000 -0.147783 
0.000000 -0.147783 
0.000000 -0.147783 
0.000000 -0.147783 
0.000000 -0.147783 
0.000000 -0.147783 
0.142681 0.000000 
0.142681 0.000000 
0.142681 0.000000 
0.142681 0.000000 
0.142681 0.000000 
0.142681 0.000000 
0.142681 0.000000 
0.142681 0.000000 
0.000000 -0.147783 
0.000000 -0.147783 
0.000000 -0.001573 
0.000000 -0.147783 
0.000000 -0.147783 
0.142681 0.000000 
0.000000 -0.147783 
0.000000 -0.147783 
0.142681 0.000000 
0.142681 0.000000 
0.142681 0.000000 
0.142681 0.000000 
0.142681 0.000000 
0.142681 0.000000 
0.142681 0.000000 
0.142681 0.000000 
0.142681 0.000000 
0.142681 0.000000 
0.142681 0.000000 
0.142681 0.000000 
0.142681 0.000000 
0.142681 0.000000 
0.142681 0.000000 
0.142681 0.000000 
0.142681 0.000000 
0.082823 0.000000 
0.000000 -0.147783 
0.000000 -0.147783 
0.000000 -0.147783 
0.000000 -0.100714 
0.000000 -0.147783 
0.142681 0.000000 
0.142681 0.000000 
0.142681 0.000000 
0.142681 0.000000 
0.000000 -0.001573 
0.142681 0.000000 
0.142681 0.000000 
0.142681 0.000000 
0.142681 0.000000 
0.000000 -0.147783 
0.000000 -0.147783 
0.000000 -0.147783 
0.000000 -0.147783 
0.142681 0.000000 
0.142681 0.000000 
0.142681 0.000000 
0.142681 0.000000 
0.142681 0.000000 
0.142681 0.000000 
0.142681 0.000000 
0.000000 -0.147783 
0.000000 -0.147783 
0.000000 -0.147783 
0.000000 -0.001573 
0.000000 -0.001573 
0.000000 -0.001573 
0.000000 -0.001573 
0.000000 -0.147783 
0.000000 -0.001573 
0.000000 -0.147783 
0.000000 -0.147783 
0.142681 0.000000 
0.142681 0.000000 
0.142681 0.000000 
0.142681 0.000000 
0.142681 0.000000 
0.142681 0.000000 
0.142681 0.000000 
0.142681 0.000000 
0.000000 -0.147783 
0.000000 -0.147783 
0.000000 -0.147783 
0.000000 -0.147783 
0.000000 -0.147783 
0.000000 -0.147783 
0.000000 -0.147783 
0.000000 -0.147783 
0.000000 -0.147783 
0.142681 0.000000 
0.142681 0.000000 
0.142681 0.000000 
0.142681 0.000000 
0.000000 -0.001573 
0.142681 0.000000 
0.142681 0.000000 
0.142681 0.000000 
0.142681 0.000000 
0.142681 0.000000 
0.142681 0.000000 
0.142681 0.000000 
0.082823 0.000000 
0.142681 0.000000 
0.142681 0.000000 
0.142681 0.000000 
0.142681 0.000000 
0.142681 0.000000 
0.142681 0.000000 
0.142681 0.000000 
0.142681 0.000000 
0.000000 -0.147783 
0.000000 -0.147783 
0.000000 -0.147783 
0.000000 -0.147783 
0.000000 -0.001573 
0.142681 0.000000 
0.142681 0.000000 
0.142681 0.000000 
0.142681 0.000000 
0.142681 0.000000 
0.142681 0.000000 
0.142681 0.000000 
0.142681 0.000000 
0.000000 -0.147783 
0.000000 -0.147783 
0.000000 -0.147783 
0.000000 -0.147783 
0.000000 -0.147783 
0.000000 -0.147783 
0.000000 -0.147783 
0.000000 -0.147783 
0.000000 -0.147783 
0.000000 -0.147783 
0.000000 -0.147783 
0.000000 -0.147783 
0.000000 -0.147783 
0.000000 -0.147783 
0.142681 0.000000 
0.142681 0.000000 
0.142681 0.000000 
0.142681 0.000000 
0.142681 0.000000 
0.142681 0.000000 
0.142681 0.000000 
0.000000 -0.147783 
0.000000 -0.147783 
0.000000 -0.147783 
0.000000 -0.147783 
0.000000 -0.147783 
0.000000 -0.147783 
0.000000 -0.147783 
0.000000 -0.147783 
0.000000 -0.147783 
0.000000 -0.147783 
0.000000 -0.147783 
0.000000 -0.147783 
0.000000 -0.147783 
0.000000 -0.147783 
0.000000 -0.147783 
0.000000 -0.147783 
0.000000 -0.147783 
0.000000 -0.147783 
0.142681 0.000000 
0.142681 0.000000 
0.142681 0.000000 
0.142681 0.000000 
0.142681 0.000000 
0.142681 0.000000 
0.142681 0.000000 
0.142681 0.000000 
0.142681 0.000000 
0.142681 0.000000 
0.142681 0.000000 
0.142681 0.000000 
0.142681 0.000000 
0.142681 0.000000 
0.142681 0.000000 
0.142681 0.000000 
0.000000 -0.147783 
0.000000 -0.147783 
0.000000 -0.147783 
0.000000 -0.147783 
0.000000 -0.147783 
0.000000 -0.147783 
0.000000 -0.147783 
0.000000 -0.147783 
0.000000 -0.147783 
0.142681 0.000000 
0.000000 -0.001573 
0.142681 0.000000 
0.142681 0.000000 
0.000000 -0.147783 
0.000000 -0.147783 
0.000000 -0.147783 
0.000000 -0.001573 
0.000000 -0.062256 
0.142681 0.000000 
0.142681 0.000000 
0.142681 0.000000 
0.142681 0.000000 
0.142681 0.000000 
0.142681 0.000000 
0.142681 0.000000 
0.142681 0.000000 
0.000000 -0.147783 
0.000000 -0.147783 
0.000000 -0.001573 
0.142681 0.000000 
0.142681 0.000000 
0.142681 0.000000 
0.142681 0.000000 
0.142681 0.000000 
0.142681 0.000000 
0.142681 0.000000 
0.142681 0.000000 
0.142681 0.000000 
0.142681 0.000000 
0.142681 0.000000 
0.000000 -0.147783 
0.000000 -0.147783 
0.000000 -0.147783 
0.000000 -0.147783 
0.000000 -0.147783 
0.000000 -0.147783 
0.000000 -0.147783 
0.000000 -0.147783 
0.142681 0.000000 
0.142681 0.000000 
0.142681 0.000000 
0.142681 0.000000 
0.000000 -0.147783 
0.000000 -0.147783 
0.000000 -0.001573 
0.142681 0.000000 
0.142681 0.000000 
0.142681 0.000000 
0.142681 0.000000 
0.142681 0.000000 
0.142681 0.000000 
0.142681 0.000000 
0.000000 -0.087100 
0.000000 -0.001573 
0.000000 -0.147783 
0.000000 -0.147783 
0.000000 -0.147783 
0.000000 -0.147783 
0.000000 -0.147783 
0.000000 -0.147783 
0.000000 -0.147783 
0.000000 -0.147783 
0.142681 0.000000 
0.142681 0.000000 
0.142681 0.000000 
0.142681 0.000000 
0.142681 0.000000 
0.142681 0.000000 
0.142681 0.000000 
0.142681 0.000000 
0.142681 0.000000 
0.000000 -0.062256 
0.000000 -0.147783 
0.000000 -0.147783 
0.000000 -0.147783 
0.000000 -0.147783 
0.000000 -0.147783 
0.000000 -0.001573 
0.000000 -0.147783 
0.000000 -0.147783 
0.000000 -0.147783 
0.000000 -0.147783 
0.000000 -0.147783 
0.000000 -0.147783 
0.000000 -0.001573 
0.000000 -0.147783 
0.000000 -0.147783 
0.142681 0.000000 
0.142681 0.000000 
0.000000 -0.147783 
0.000000 -0.147783 
0.000000 -0.147783 
0.000000 -0.147783 
0.000000 -0.147783 
0.000000 -0.147783 
0.000000 -0.147783 
0.000000 -0.147783 
0.142681 0.000000 
0.142681 0.000000 
0.142681 0.000000 
0.142681 0.000000 
0.000000 -0.147783 
0.000000 -0.147783 
0.000000 -0.147783 
0.000000 -0.147783 
0.000000 -0.147783 
0.000000 -0.147783 
0.000000 -0.001573 
0.000000 -0.147783 
0.142681 0.000000 
0.142681 0.000000 
0.142681 0.000000 
0.142681 0.000000 
0.000000 -0.147783 
0.000000 -0.147783 
0.000000 -0.147783 
0.000000 -0.147783 
0.000000 -0.147783 
0.000000 -0.147783 
0.000000 -0.147783 
0.142681 0.000000 
0.142681 0.000000 
0.142681 0.000000 
0.142681 0.000000 
0.142681 0.000000 
0.142681 0.000000 
0.000000 -0.001573 
0.142681 0.000000 
0.142681 0.000000 
0.142681 0.000000 
0.142681 0.000000 
0.142681 0.000000 
0.142681 0.000000 
0.000000 -0.001573 
0.000000 -0.147783 
0.000000 -0.147783 
0.000000 -0.147783 
0.000000 -0.147783 
0.000000 -0.147783 
0.000000 -0.147783 
0.000000 -0.147783 
0.000000 -0.147783 
0.142681 0.000000 
0.142681 0.000000 
0.058317 0.000000 
0.142681 0.000000 
0.000000 -0.001573 
0.058317 0.000000 
0.142681 0.000000 
0.142681 0.000000 
0.142681 0.000000 
0.142681 0.000000 
0.142681 0.000000 
0.142681 0.000000 
0.142681 0.000000 
0.142681 0.000000 
0.142681 0.000000 
0.142681 0.000000 
0.142681 0.000000 
0.142681 0.000000 
0.000000 -0.147783 
0.000000 -0.147783 
0.000000 -0.147783 
0.000000 -0.147783 
0.000000 -0.147783 
0.000000 -0.001573 
0.000000 -0.001573 
0.142681 0.000000 
0.142681 0.000000 
0.000000 -0.001573 
0.142681 0.000000 
0.000000 -0.001573 
0.142681 0.000000 
0.142681 0.000000 
0.000000 -0.147783 
0.000000 -0.147783 
0.142681 0.000000 
0.142681 0.000000 
0.142681 0.000000 
0.142681 0.000000 
0.142681 0.000000 
0.000000 -0.001573 
0.142681 0.000000 
0.142681 0.000000 
0.142681 0.000000 
0.000000 -0.147783 
0.000000 -0.147783 
0.000000 -0.147783 
0.000000 -0.147783 
0.000000 -0.147783 
0.000000 -0.147783 
0.000000 -0.147783 
0.058317 0.000000 
0.000000 -0.147783 
0.000000 -0.147783 
0.000000 -0.147783 
0.000000 -0.147783 
0.000000 -0.062256 
0.000000 -0.147783 
0.000000 -0.147783 
0.000000 -0.001573 
0.000000 -0.147783 
0.142681 0.000000 
0.142681 0.000000 
0.142681 0.000000 
0.142681 0.000000 
0.142681 0.000000 
0.142681 0.000000 
0.142681 0.000000 
0.142681 0.000000 
0.142681 0.000000 
0.000000 -0.147783 
0.000000 -0.147783 
0.000000 -0.147783 
0.000000 -0.147783 
0.000000 -0.147783 
0.000000 -0.147783 
0.000000 -0.147783 
0.142681 0.000000 
0.142681 0.000000 
0.000000 -0.147783 
0.000000 -0.147783 
0.142681 0.000000 
0.142681 0.000000 
0.142681 0.000000 
0.142681 0.000000 
0.142681 0.000000 
0.000000 -0.062256 
0.000000 -0.147783 
0.000000 -0.147783 
0.000000 -0.147783 
0.000000 -0.147783 
0.000000 -0.147783 
0.000000 -0.147783 
0.000000 -0.147783 
0.000000 -0.147783 
0.142681 0.000000 
0.000000 -0.147783 
0.000000 -0.001573 
0.000000 -0.147783 
0.000000 -0.147783 
0.000000 -0.147783 
0.000000 -0.147783 
0.000000 -0.147783 
0.142681 0.000000 
0.142681 0.000000 
0.142681 0.000000 
0.142681 0.000000 
0.142681 0.000000 
0.142681 0.000000 
0.000000 -0.147783 
0.000000 -0.147783 
0.000000 -0.147783 
0.000000 -0.147783 
0.000000 -0.147783 
0.142681 0.000000 
0.142681 0.000000 
0.000000 -0.147783 
0.000000 -0.147783 
0.000000 -0.147783 
0.000000 -0.147783 
0.000000 -0.147783 
0.000000 -0.147783 
0.000000 -0.147783 
0.000000 -0.147783 
0.000000 -0.147783 
0.142681 0.000000 
0.142681 0.000000 
0.142681 0.000000 
0.142681 0.000000 
0.142681 0.000000 
0.142681 0.000000 
0.142681 0.000000 
0.142681 0.000000 
0.142681 0.000000 
0.142681 0.000000 
0.000000 -0.147783 
0.000000 -0.147783 
0.000000 -0.147783 
0.000000 -0.147783 
0.000000 -0.147783 
0.142681 0.000000 
0.142681 0.000000 
0.142681 0.000000 
0.142681 0.000000 
0.142681 0.000000 
0.142681 0.000000 
0.000000 -0.147783 
0.000000 -0.147783 
0.000000 -0.147783 
0.142681 0.000000 
0.000000 -0.147783 
0.000000 -0.147783 
0.000000 -0.147783 
0.142681 0.000000 
0.142681 0.000000 
0.000000 -0.147783 
0.000000 -0.147783 
0.000000 -0.147783 
0.000000 -0.147783 
0.000000 -0.147783 
0.000000 -0.001573 
0.000000 -0.147783 
0.000000 -0.147783 
0.142681 0.000000 
0.142681 0.000000 
0.142681 0.000000 
0.142681 0.000000 
0.142681 0.000000 
0.142681 0.000000 
0.000000 -0.147783 
0.000000 -0.147783 
0.058317 0.000000 
0.000000 -0.147783 
0.000000 -0.147783 
0.142681 0.000000 
0.142681 0.000000 
0.142681 0.000000 
0.142681 0.000000 
0.142681 0.000000 
0.142681 0.000000 
0.142681 0.000000 
0.142681 0.000000 
0.142681 0.000000 
0.142681 0.000000 
0.142681 0.000000 
0.000000 -0.147783 
0.000000 -0.147783 
0.000000 -0.147783 
0.000000 -0.147783 
0.000000 -0.001573 
0.000000 -0.147783 
0.142681 0.000000 
0.142681 0.000000 
0.142681 0.000000 
0.142681 0.000000 
0.142681 0.000000 
0.142681 0.000000 
0.142681 0.000000 
0.142681 0.000000 
0.000000 -0.147783 
0.000000 -0.147783 
0.000000 -0.147783 
0.000000 -0.062256 
0.000000 -0.147783 
0.000000 -0.147783 
0.058317 0.000000 
0.000000 -0.147783 
0.000000 -0.147783 
0.000000 -0.147783 
0.142681 0.000000 
0.142681 0.000000 
0.142681 0.000000 
0.142681 0.000000 
0.142681 0.000000 
0.142681 0.000000 
0.142681 0.000000 
0.000000 -0.147783 
0.000000 -0.147783 
0.000000 -0.001573 
0.000000 -0.147783 
0.142681 0.000000 
0.142681 0.000000 
0.000000 -0.147783 
0.000000 -0.147783 
0.000000 -0.062256 
0.000000 -0.147783 
0.000000 -0.147783 
0.000000 -0.147783 
0.000000 -0.147783 
0.000000 -0.147783 
0.000000 -0.001573 
0.142681 0.000000 
0.142681 0.000000 
0.142681 0.000000 
0.000000 -0.147783 
0.000000 -0.147783 
0.000000 -0.147783 
0.000000 -0.147783 
0.000000 -0.147783 
0.000000 -0.147783 
0.000000 -0.147783 
0.000000 -0.147783 
0.000000 -0.147783 
0.000000 -0.147783 
0.000000 -0.147783 
0.000000 -0.147783 
0.000000 -0.147783 
0.000000 -0.147783 
0.000000 -0.147783 
0.000000 -0.147783 
0.000000 -0.147783 
0.000000 -0.147783 
0.142681 0.000000 
0.142681 0.000000 
0.142681 0.000000 
0.142681 0.000000 
0.142681 0.000000 
0.142681 0.000000 
0.142681 0.000000 
0.142681 0.000000 
0.000000 -0.147783 
0.000000 -0.147783 
0.000000 -0.147783 
0.000000 -0.147783 
0.000000 -0.147783 
0.000000 -0.147783 
0.000000 -0.147783 
0.000000 -0.147783 
0.000000 -0.147783 
0.000000 -0.147783 
0.000000 -0.147783 
0.142681 0.000000 
0.142681 0.000000 
0.000000 -0.147783 
0.000000 -0.147783 
0.000000 -0.147783 
0.000000 -0.147783 
0.000000 -0.147783 
0.000000 -0.147783 
0.000000 -0.147783 
0.142681 0.000000 
0.142681 0.000000 
0.142681 0.000000 
0.142681 0.000000 
0.142681 0.000000 
0.142681 0.000000 
0.000000 -0.147783 
0.000000 -0.147783 
0.000000 -0.147783 
0.000000 -0.147783 
0.000000 -0.147783 
0.000000 -0.147783 
0.000000 -0.147783 
0.142681 0.000000 
0.000000 -0.147783 
0.000000 -0.147783 
0.000000 -0.147783 
0.000000 -0.147783 
0.000000 -0.147783 
0.142681 0.000000 
0.000000 -0.147783 
0.000000 -0.001573 
0.000000 -0.147783 
0.142681 0.000000 
0.142681 0.000000 
0.142681 0.000000 
0.000000 -0.147783 
0.000000 -0.147783 
0.000000 -0.147783 
0.142681 0.000000 
0.142681 0.000000 
0.142681 0.000000 
0.142681 0.000000 
0.142681 0.000000 
0.142681 0.000000 
0.142681 0.000000 
0.142681 0.000000 
0.142681 0.000000 
0.142681 0.000000 
0.000000 -0.147783 
0.000000 -0.147783 
0.000000 -0.147783 
0.000000 -0.147783 
0.000000 -0.147783 
0.142681 0.000000 
0.142681 0.000000 
0.142681 0.000000 
