1427 2
0.0 0.012080431 
1.0 0.012080431 
1.0 0.016072638 
1.0 0.011608492 
1.0 0.013440202 
1.0 0.03472388 
1.0 0.023609875 
1.0 0.018210405 
1.0 0.017432937 
1.0 0.01604634 
1.0 0.014580678 
1.0 0.014572848 
1.0 0.019829055 
1.0 0.016370207 
1.0 0.027395677 
1.0 0.014479478 
1.0 0.01122518 
1.0 0.020297403 
1.0 0.014178857 
1.0 0.021940032 
1.0 0.014175566 
1.0 0.017204523 
1.0 0.023861863 
1.0 0.017346593 
1.0 0.016535284 
1.0 0.028755814 
1.0 0.017856907 
1.0 0.019851444 
1.0 0.012372838 
1.0 0.031624217 
1.0 0.012758078 
1.0 0.011343931 
1.0 0.021718359 
1.0 0.011393103 
1.0 0.019921867 
1.0 0.012872497 
1.0 0.016267449 
1.0 0.017827353 
1.0 0.017912228 
1.0 0.026672384 
1.0 0.014739242 
1.0 0.015857926 
1.0 0.017616129 
1.0 0.014305162 
1.0 0.02203714 
1.0 0.02279012 
1.0 0.015171175 
1.0 0.016770052 
1.0 0.01535347 
1.0 0.012019737 
1.0 0.022159757 
1.0 0.0164121 
1.0 0.0155131975 
1.0 0.011211014 
1.0 0.017516118 
1.0 0.014977409 
1.0 0.014173097 
1.0 0.014836515 
1.0 0.01735047 
1.0 0.010209378 
1.0 0.01088708 
1.0 0.012032619 
1.0 0.013129977 
1.0 0.014287137 
1.0 0.01232346 
1.0 0.019279907 
1.0 0.010817972 
1.0 0.019305898 
1.0 0.017019944 
1.0 0.014990857 
1.0 0.015574142 
1.0 0.024419082 
1.0 0.027915092 
1.0 0.021525385 
1.0 0.015077769 
1.0 0.024370382 
1.0 0.023009727 
1.0 0.018968843 
1.0 0.025538478 
1.0 0.013503821 
1.0 0.012441242 
1.0 0.015485133 
1.0 0.015135972 
1.0 0.015511965 
1.0 0.02010373 
1.0 0.016603805 
1.0 0.016024906 
1.0 0.027564028 
1.0 0.0147865955 
1.0 0.012137025 
1.0 0.017056273 
1.0 0.011477672 
1.0 0.016249083 
1.0 0.01990503 
1.0 0.017711606 
1.0 0.017528988 
1.0 0.0110958535 
1.0 0.012725653 
1.0 0.013920903 
1.0 0.031939335 
1.0 0.016298264 
1.0 0.012736743 
1.0 0.011725857 
1.0 0.02273327 
1.0 0.027347611 
1.0 0.014077915 
1.0 0.02267211 
1.0 0.014059793 
1.0 0.02612275 
1.0 0.015625522 
1.0 0.021766212 
1.0 0.02200936 
1.0 0.018795187 
1.0 0.016323732 
1.0 0.019730238 
1.0 0.01692077 
1.0 0.017056016 
1.0 0.025397427 
0.0 0.019109067 
0.0 0.0113808885 
0.0 0.014251579 
0.0 0.016030341 
0.0 0.014167026 
0.0 0.030567214 
0.0 0.019418038 
0.0 0.029321851 
0.0 0.013391199 
0.0 0.02942141 
0.0 0.01575703 
0.0 0.01723971 
0.0 0.022863192 
0.0 0.031982668 
0.0 0.016130261 
0.0 0.023792818 
0.0 0.014179232 
0.0 0.01962375 
0.0 0.014361447 
0.0 0.015050723 
0.0 0.02002334 
0.0 0.020014828 
0.0 0.031166194 
0.0 0.018933566 
0.0 0.02066806 
0.0 0.010532605 
0.0 0.020212395 
0.0 0.029743578 
0.0 0.015513945 
0.0 0.019095032 
0.0 0.010310947 
0.0 0.0125182895 
0.0 0.017590804 
0.0 0.012779955 
0.0 0.016820073 
0.0 0.016005568 
0.0 0.016731517 
0.0 0.01736978 
0.0 0.014934781 
0.0 0.026893176 
0.0 0.011939728 
0.0 0.017002787 
0.0 0.022331944 
0.0 0.020801272 
0.0 0.016833372 
0.0 0.017049933 
0.0 0.02780415 
0.0 0.019405618 
0.0 0.014452622 
0.0 0.027021263 
0.0 0.012142728 
0.0 0.013401165 
0.0 0.034898695 
0.0 0.013832161 
0.0 0.017557688 
0.0 0.01554554 
0.0 0.032547373 
0.0 0.019811014 
0.0 0.017167559 
0.0 0.018200187 
0.0 0.019155253 
0.0 0.023148732 
1.0 0.020832691 
1.0 0.0153827425 
1.0 0.019348959 
1.0 0.018124903 
1.0 0.017545637 
1.0 0.014231607 
1.0 0.017424311 
1.0 0.037815034 
1.0 0.028043522 
1.0 0.026468156 
1.0 0.01524214 
1.0 0.016071683 
1.0 0.018930998 
1.0 0.03008626 
1.0 0.017676849 
1.0 0.018076142 
1.0 0.015833713 
1.0 0.01710563 
1.0 0.017077556 
1.0 0.015956197 
1.0 0.017332736 
1.0 0.018742112 
1.0 0.021719523 
1.0 0.01322261 
1.0 0.018200617 
1.0 0.014479225 
1.0 0.022095459 
1.0 0.014071895 
1.0 0.020351773 
1.0 0.013156975 
1.0 0.018363208 
1.0 0.014273801 
1.0 0.020731112 
1.0 0.014996219 
1.0 0.024972139 
1.0 0.015050942 
1.0 0.023341838 
1.0 0.016315633 
1.0 0.012711809 
1.0 0.022563184 
1.0 0.018402444 
1.0 0.02303735 
1.0 0.024417767 
1.0 0.036806352 
1.0 0.017854353 
1.0 0.0151123665 
1.0 0.026655123 
1.0 0.018040836 
1.0 0.013786557 
1.0 0.01798337 
1.0 0.015696354 
1.0 0.02745474 
1.0 0.017698562 
1.0 0.02032853 
1.0 0.020019317 
1.0 0.016043186 
1.0 0.022627886 
1.0 0.03145826 
1.0 0.022384733 
1.0 0.02101015 
1.0 0.019970728 
1.0 0.03463732 
1.0 0.012952393 
1.0 0.03165227 
1.0 0.012235057 
1.0 0.020509861 
1.0 0.021059327 
1.0 0.016651586 
1.0 0.024504097 
1.0 0.028653046 
1.0 0.024417682 
1.0 0.020405613 
1.0 0.01608059 
1.0 0.014564464 
1.0 0.018932883 
1.0 0.018726256 
1.0 0.01854524 
1.0 0.017104018 
1.0 0.023690183 
1.0 0.028729253 
1.0 0.026080485 
1.0 0.02664462 
1.0 0.014663947 
1.0 0.021387376 
1.0 0.017676849 
1.0 0.020488588 
1.0 0.02489402 
1.0 0.019464834 
1.0 0.024531307 
1.0 0.014950306 
1.0 0.018924799 
1.0 0.020060485 
1.0 0.01371865 
1.0 0.028974295 
0.0 0.018829493 
0.0 0.017238487 
0.0 0.021018581 
0.0 0.031172628 
0.0 0.031157006 
0.0 0.016232643 
0.0 0.02018838 
0.0 0.016805647 
0.0 0.01666213 
0.0 0.019168552 
0.0 0.038005218 
0.0 0.039803695 
0.0 0.020441037 
0.0 0.012048972 
0.0 0.036114074 
0.0 0.011693341 
0.0 0.02029234 
0.0 0.023572838 
0.0 0.012870374 
0.0 0.06508374 
0.0 0.01300935 
0.0 0.022892129 
0.0 0.013256188 
0.0 0.013712616 
0.0 0.019734757 
0.0 0.01934433 
0.0 0.021743255 
0.0 0.013664681 
0.0 0.022479774 
0.0 0.02925778 
0.0 0.017386304 
0.0 0.018762348 
0.0 0.024332866 
0.0 0.023050185 
0.0 0.017254502 
0.0 0.009161056 
0.0 0.031160414 
0.0 0.024686934 
0.0 0.042864025 
0.0 0.02293141 
0.0 0.014890111 
0.0 0.016716281 
0.0 0.026182922 
0.0 0.019223737 
0.0 0.033239197 
0.0 0.013236183 
0.0 0.018298643 
0.0 0.025117038 
0.0 0.01794145 
0.0 0.016879275 
0.0 0.02345843 
0.0 0.03864946 
0.0 0.019652804 
0.0 0.07154566 
0.0 0.042736694 
0.0 0.029636286 
0.0 0.035482366 
0.0 0.014785271 
0.0 0.014652049 
0.0 0.020551639 
0.0 0.014348123 
0.0 0.019413792 
0.0 0.030355273 
0.0 0.018351866 
0.0 0.022847153 
0.0 0.018801464 
0.0 0.015684314 
0.0 0.06565145 
0.0 0.022106038 
0.0 0.01807281 
0.0 0.015996685 
0.0 0.011944156 
0.0 0.036295626 
0.0 0.02080488 
0.0 0.020844929 
0.0 0.018862031 
0.0 0.019826522 
0.0 0.04870166 
0.0 0.016866976 
0.0 0.0130824465 
0.0 0.015199896 
0.0 0.012273727 
0.0 0.01441007 
0.0 0.023271954 
0.0 0.041699924 
0.0 0.015204438 
0.0 0.019968065 
0.0 0.030161234 
0.0 0.013481528 
0.0 0.016251829 
1.0 0.014153163 
1.0 0.02096554 
1.0 0.028180901 
1.0 0.016499305 
1.0 0.0143039 
1.0 0.01952789 
1.0 0.022846116 
1.0 0.01740702 
1.0 0.013444374 
1.0 0.033485495 
1.0 0.0175617 
1.0 0.013522824 
1.0 0.017409075 
1.0 0.018474346 
1.0 0.034508992 
1.0 0.0171172 
1.0 0.019835614 
0.0 0.034807894 
0.0 0.01937198 
0.0 0.013419843 
0.0 0.020162972 
0.0 0.014803109 
0.0 0.017621567 
0.0 0.01681735 
0.0 0.01712041 
0.0 0.016753016 
0.0 0.021895757 
0.0 0.018685311 
0.0 0.01571106 
0.0 0.026992498 
0.0 0.023693342 
0.0 0.022309495 
0.0 0.020345103 
0.0 0.021896463 
0.0 0.025263874 
0.0 0.013923338 
0.0 0.023959393 
0.0 0.015065523 
0.0 0.010662309 
0.0 0.034465134 
0.0 0.014868678 
0.0 0.02278191 
0.0 0.04742044 
0.0 0.010802883 
0.0 0.021836702 
0.0 0.017925315 
0.0 0.028643908 
0.0 0.033433005 
0.0 0.021815317 
0.0 0.01413333 
0.0 0.014803109 
0.0 0.012074142 
0.0 0.01657506 
0.0 0.01781805 
0.0 0.021352919 
0.0 0.015421061 
0.0 0.015065523 
0.0 0.013811228 
0.0 0.016561149 
0.0 0.018344851 
0.0 0.0137846805 
0.0 0.015481177 
0.0 0.029391404 
0.0 0.018821456 
0.0 0.020680306 
0.0 0.019839764 
0.0 0.025095025 
0.0 0.02095191 
0.0 0.0156936 
1.0 0.018620692 
1.0 0.028401732 
1.0 0.01982793 
1.0 0.059485894 
1.0 0.036617678 
1.0 0.018873313 
1.0 0.019002121 
1.0 0.015753476 
1.0 0.012165858 
1.0 0.020613112 
1.0 0.017762482 
1.0 0.02661736 
1.0 0.026801338 
1.0 0.020095754 
1.0 0.020229112 
1.0 0.02056308 
1.0 0.021035196 
1.0 0.018861378 
1.0 0.017322762 
1.0 0.040390324 
1.0 0.013193522 
1.0 0.015953341 
1.0 0.019748658 
1.0 0.019479536 
1.0 0.014650904 
1.0 0.022397099 
1.0 0.02149345 
1.0 0.026837481 
1.0 0.022038363 
1.0 0.021729305 
1.0 0.018027777 
1.0 0.043155745 
1.0 0.016730314 
1.0 0.0147249205 
1.0 0.047377855 
1.0 0.021212256 
1.0 0.016729604 
1.0 0.029425474 
0.0 0.023933448 
0.0 0.025662754 
0.0 0.013797406 
0.0 0.01648083 
0.0 0.016082868 
0.0 0.019116273 
0.0 0.01760721 
0.0 0.029606096 
0.0 0.017662844 
0.0 0.01971557 
0.0 0.010679248 
0.0 0.017049573 
0.0 0.017110778 
0.0 0.016861474 
0.0 0.018821852 
0.0 0.01919188 
0.0 0.021751761 
0.0 0.019544708 
0.0 0.011682221 
0.0 0.024446344 
0.0 0.020842604 
0.0 0.020938082 
0.0 0.013034969 
0.0 0.00928873 
0.0 0.01652749 
0.0 0.018967714 
0.0 0.028085547 
0.0 0.015560967 
0.0 0.02229757 
0.0 0.017863825 
0.0 0.020599958 
0.0 0.02502116 
0.0 0.018114392 
0.0 0.015148832 
0.0 0.018499931 
0.0 0.014836824 
0.0 0.01521036 
0.0 0.016485352 
0.0 0.032310877 
0.0 0.01302366 
0.0 0.010654735 
0.0 0.017219879 
0.0 0.03165863 
0.0 0.016871387 
0.0 0.028804028 
0.0 0.01634627 
0.0 0.016870402 
0.0 0.020255668 
0.0 0.01731206 
0.0 0.024676865 
0.0 0.028583802 
0.0 0.01338046 
0.0 0.01769282 
0.0 0.015901579 
0.0 0.022904605 
0.0 0.01713399 
0.0 0.012842543 
0.0 0.012848297 
0.0 0.016255159 
0.0 0.019041283 
0.0 0.028660895 
0.0 0.014755485 
0.0 0.018719206 
0.0 0.022763748 
0.0 0.016250461 
0.0 0.021845737 
0.0 0.019769495 
0.0 0.016612433 
0.0 0.019513661 
0.0 0.0131794 
0.0 0.016548263 
0.0 0.013414643 
0.0 0.022501828 
0.0 0.016615102 
0.0 0.013940324 
0.0 0.011645431 
0.0 0.02485377 
0.0 0.022104066 
0.0 0.029619917 
0.0 0.02113561 
0.0 0.03604957 
1.0 0.03604957 
1.0 0.013548266 
1.0 0.01524408 
1.0 0.015135184 
1.0 0.04752095 
1.0 0.009689959 
1.0 0.013542563 
1.0 0.015583356 
1.0 0.032427836 
1.0 0.016906096 
1.0 0.02917793 
1.0 0.022417756 
1.0 0.02042448 
1.0 0.016645381 
1.0 0.031796124 
1.0 0.022617115 
1.0 0.013437646 
1.0 0.029537475 
1.0 0.01842504 
1.0 0.014576765 
1.0 0.017700592 
1.0 0.04027641 
1.0 0.018744916 
1.0 0.017400004 
1.0 0.026532104 
1.0 0.0222713 
1.0 0.018333852 
1.0 0.01625414 
1.0 0.024006972 
1.0 0.014530218 
1.0 0.01496865 
1.0 0.016875673 
1.0 0.015715094 
1.0 0.011645565 
1.0 0.025269484 
1.0 0.014253497 
1.0 0.015192089 
1.0 0.024675323 
1.0 0.012417867 
1.0 0.029103471 
1.0 0.011651907 
1.0 0.017739568 
1.0 0.0147802085 
1.0 0.014429863 
1.0 0.02228592 
1.0 0.019670518 
1.0 0.017875876 
1.0 0.013111701 
1.0 0.020705385 
1.0 0.020032357 
1.0 0.016699834 
1.0 0.02106029 
1.0 0.011470063 
1.0 0.015424345 
1.0 0.019091753 
1.0 0.01579523 
1.0 0.025311932 
1.0 0.021632355 
1.0 0.0140264295 
1.0 0.031318467 
1.0 0.017191574 
1.0 0.01961779 
1.0 0.074300155 
1.0 0.014218669 
1.0 0.018255211 
1.0 0.037808347 
1.0 0.02372919 
1.0 0.016147027 
1.0 0.025671171 
1.0 0.012319229 
1.0 0.015148185 
1.0 0.017666634 
1.0 0.014455906 
1.0 0.02061301 
1.0 0.013361707 
1.0 0.017853295 
1.0 0.015801802 
1.0 0.029746031 
1.0 0.025528152 
1.0 0.013386536 
1.0 0.019409299 
1.0 0.0116193425 
1.0 0.021221204 
1.0 0.016678562 
1.0 0.014084155 
1.0 0.017486818 
1.0 0.016318403 
1.0 0.014949349 
1.0 0.01842756 
1.0 0.011420389 
1.0 0.023863612 
1.0 0.016085373 
1.0 0.03952928 
1.0 0.021621486 
0.0 0.02532184 
0.0 0.024123378 
0.0 0.027982976 
0.0 0.015395241 
0.0 0.019948015 
0.0 0.0793692 
0.0 0.028667431 
0.0 0.016992806 
0.0 0.029153364 
0.0 0.028313616 
0.0 0.02363614 
0.0 0.015041607 
0.0 0.021676973 
0.0 0.016381914 
0.0 0.018530443 
0.0 0.020545533 
0.0 0.020868821 
0.0 0.033501476 
0.0 0.017780248 
0.0 0.0137880845 
0.0 0.011085585 
0.0 0.01924228 
0.0 0.01692631 
0.0 0.024455277 
0.0 0.015623978 
0.0 0.0261756 
0.0 0.020592337 
0.0 0.031550676 
0.0 0.03870666 
0.0 0.012830706 
0.0 0.0133263 
0.0 0.027174393 
0.0 0.021503773 
0.0 0.016488608 
0.0 0.020494966 
0.0 0.026539098 
0.0 0.03906613 
0.0 0.019196164 
0.0 0.014002839 
0.0 0.021644745 
0.0 0.022594068 
0.0 0.01426993 
0.0 0.022285476 
0.0 0.011004368 
0.0 0.026448488 
0.0 0.014493971 
0.0 0.014950446 
0.0 0.018932909 
0.0 0.020144513 
0.0 0.036113877 
0.0 0.0174569 
0.0 0.015909927 
0.0 0.011094041 
0.0 0.018366817 
0.0 0.02878316 
0.0 0.01565122 
0.0 0.023247369 
0.0 0.019995756 
0.0 0.01678799 
0.0 0.016182153 
0.0 0.01599321 
0.0 0.027319124 
0.0 0.013390184 
0.0 0.021507695 
0.0 0.020390512 
0.0 0.02168334 
0.0 0.018790178 
0.0 0.04213058 
0.0 0.01689587 
0.0 0.037214834 
0.0 0.031331614 
0.0 0.018375862 
0.0 0.021195738 
0.0 0.02302443 
0.0 0.0206585 
0.0 0.022886863 
0.0 0.026948115 
0.0 0.023590637 
0.0 0.03754468 
0.0 0.021850161 
0.0 0.014398041 
0.0 0.02979421 
0.0 0.019456416 
0.0 0.020887397 
0.0 0.017886277 
0.0 0.036270607 
0.0 0.017594934 
0.0 0.01706663 
1.0 0.01706663 
1.0 0.019181157 
1.0 0.014457853 
1.0 0.014368232 
1.0 0.02015171 
1.0 0.018007975 
1.0 0.018767552 
1.0 0.017490974 
1.0 0.022540333 
1.0 0.012380941 
1.0 0.019117523 
1.0 0.01749483 
1.0 0.0149797555 
1.0 0.04993789 
1.0 0.020571299 
1.0 0.021183733 
1.0 0.023306556 
1.0 0.023039883 
1.0 0.037224144 
1.0 0.019947989 
1.0 0.012384981 
1.0 0.0145955 
1.0 0.026286684 
1.0 0.02849275 
1.0 0.016554046 
1.0 0.018178819 
1.0 0.016653078 
1.0 0.021885227 
1.0 0.018930562 
1.0 0.016495474 
1.0 0.015577514 
1.0 0.04040499 
1.0 0.014014411 
1.0 0.02275535 
1.0 0.01710617 
1.0 0.032611135 
1.0 0.035606246 
1.0 0.022996746 
1.0 0.02030698 
1.0 0.015504821 
1.0 0.018154413 
1.0 0.012981644 
1.0 0.019635912 
1.0 0.018903563 
1.0 0.01931058 
1.0 0.016074495 
1.0 0.017013976 
1.0 0.020787215 
0.0 0.017432284 
0.0 0.01881372 
0.0 0.021258226 
0.0 0.025855934 
0.0 0.015803697 
0.0 0.045581605 
0.0 0.026405992 
0.0 0.016802704 
0.0 0.021000097 
0.0 0.014158171 
0.0 0.019337336 
0.0 0.01920717 
0.0 0.016292064 
0.0 0.043539457 
0.0 0.013674568 
0.0 0.012270642 
0.0 0.013187293 
0.0 0.018530164 
0.0 0.023193352 
0.0 0.015131445 
1.0 0.015904916 
1.0 0.013198444 
1.0 0.03909251 
1.0 0.020376284 
1.0 0.028171819 
1.0 0.045795955 
1.0 0.032585252 
1.0 0.025274359 
1.0 0.011626505 
1.0 0.015795378 
1.0 0.01446433 
1.0 0.01671174 
1.0 0.026329737 
1.0 0.029436195 
1.0 0.019608382 
1.0 0.018533276 
1.0 0.021585848 
1.0 0.01930469 
1.0 0.016537065 
1.0 0.029486045 
1.0 0.023312153 
1.0 0.018143887 
1.0 0.022401594 
1.0 0.018321544 
1.0 0.019628694 
1.0 0.02260963 
1.0 0.028413497 
1.0 0.0150439 
1.0 0.024059841 
1.0 0.0154102715 
1.0 0.019624246 
1.0 0.016880179 
1.0 0.013513668 
1.0 0.018079989 
1.0 0.016516922 
1.0 0.018424451 
1.0 0.02184703 
1.0 0.016058989 
1.0 0.019495172 
1.0 0.015120902 
1.0 0.02074743 
1.0 0.016343364 
1.0 0.01755797 
1.0 0.017133549 
1.0 0.025376938 
1.0 0.013259339 
1.0 0.013712476 
1.0 0.02158945 
1.0 0.014995277 
1.0 0.029409891 
1.0 0.02099107 
1.0 0.011634328 
1.0 0.010659197 
1.0 0.016642839 
1.0 0.01109947 
1.0 0.018200679 
1.0 0.013279355 
1.0 0.014117572 
1.0 0.032668743 
1.0 0.016242754 
1.0 0.017808925 
1.0 0.022506634 
1.0 0.015684571 
1.0 0.018877992 
1.0 0.02160307 
1.0 0.011153955 
1.0 0.020587027 
1.0 0.010780935 
1.0 0.018142287 
1.0 0.013720998 
1.0 0.020224215 
1.0 0.02444291 
1.0 0.016753234 
1.0 0.0209509 
1.0 0.024756748 
1.0 0.017906407 
1.0 0.02851455 
1.0 0.012435875 
1.0 0.01751021 
1.0 0.015935441 
1.0 0.014238969 
1.0 0.02008998 
1.0 0.020344943 
1.0 0.010344061 
1.0 0.016333502 
1.0 0.020272713 
1.0 0.026097337 
1.0 0.018266516 
1.0 0.022556543 
1.0 0.01867192 
1.0 0.015431303 
1.0 0.031058483 
1.0 0.020597113 
1.0 0.023898482 
1.0 0.033289153 
0.0 0.02087696 
0.0 0.03136901 
0.0 0.019351102 
0.0 0.014441909 
0.0 0.015612124 
0.0 0.015354688 
0.0 0.024188776 
0.0 0.020164814 
0.0 0.041450147 
0.0 0.013078368 
0.0 0.018021291 
0.0 0.018081848 
0.0 0.013847822 
0.0 0.029533947 
0.0 0.014823441 
0.0 0.017588496 
0.0 0.014646322 
0.0 0.014388475 
0.0 0.02341412 
0.0 0.022664232 
0.0 0.022572653 
0.0 0.11336399 
0.0 0.029417867 
0.0 0.03057806 
0.0 0.012942027 
0.0 0.016105251 
0.0 0.012691814 
0.0 0.016419955 
0.0 0.024649518 
0.0 0.014417879 
0.0 0.022414485 
0.0 0.017524745 
0.0 0.018835066 
0.0 0.017174607 
0.0 0.027845481 
0.0 0.041424908 
0.0 0.027189516 
0.0 0.04954056 
0.0 0.015897803 
0.0 0.0156001365 
0.0 0.0129168285 
0.0 0.024902921 
0.0 0.016753765 
0.0 0.018046668 
0.0 0.016422316 
0.0 0.016073355 
0.0 0.056044172 
0.0 0.014527712 
0.0 0.02605899 
0.0 0.024591675 
0.0 0.023065396 
0.0 0.032409165 
0.0 0.01600392 
0.0 0.018022167 
0.0 0.017459499 
0.0 0.017886732 
0.0 0.009802948 
0.0 0.043903228 
0.0 0.020892404 
0.0 0.025350645 
0.0 0.017042244 
0.0 0.023781924 
0.0 0.030614503 
0.0 0.014499084 
0.0 0.044946548 
0.0 0.018435337 
0.0 0.025781045 
0.0 0.038716022 
0.0 0.017725287 
0.0 0.015041387 
0.0 0.013639623 
0.0 0.022145957 
0.0 0.011122582 
0.0 0.015785106 
0.0 0.018529553 
0.0 0.009802948 
0.0 0.030596478 
0.0 0.023338301 
0.0 0.017147647 
0.0 0.015806459 
0.0 0.02739522 
0.0 0.015920833 
0.0 0.028489716 
0.0 0.021880558 
0.0 0.016156303 
0.0 0.032767426 
1.0 0.037441425 
1.0 0.015505881 
1.0 0.027138915 
1.0 0.015147522 
1.0 0.014981558 
1.0 0.012187388 
1.0 0.01580521 
1.0 0.021362076 
1.0 0.053793725 
1.0 0.01397651 
1.0 0.066711925 
1.0 0.015107146 
1.0 0.016127117 
1.0 0.014748219 
1.0 0.025947556 
1.0 0.015259967 
1.0 0.012951407 
1.0 0.018796843 
1.0 0.03204206 
1.0 0.011702369 
1.0 0.021268789 
1.0 0.016487543 
1.0 0.01332427 
1.0 0.0148492465 
1.0 0.013280427 
1.0 0.012821628 
1.0 0.020592218 
1.0 0.030283326 
1.0 0.023440177 
1.0 0.013591553 
1.0 0.012759331 
1.0 0.022363823 
1.0 0.015597685 
1.0 0.0159174 
1.0 0.018860042 
1.0 0.014753043 
1.0 0.016823405 
1.0 0.018681519 
1.0 0.025606321 
1.0 0.017367462 
1.0 0.012056979 
1.0 0.013778845 
1.0 0.020968866 
1.0 0.02941358 
1.0 0.016523244 
1.0 0.013277642 
1.0 0.017393714 
1.0 0.030868871 
1.0 0.028528688 
1.0 0.017451864 
1.0 0.016882706 
1.0 0.017644167 
1.0 0.016940048 
1.0 0.019389566 
0.0 0.05184845 
0.0 0.02871711 
0.0 0.019004166 
0.0 0.01867361 
0.0 0.0118739195 
0.0 0.033864435 
0.0 0.026170466 
0.0 0.030025082 
0.0 0.018650921 
0.0 0.042988528 
0.0 0.013602802 
0.0 0.01386004 
0.0 0.023985595 
0.0 0.021973854 
0.0 0.017273668 
0.0 0.025951123 
0.0 0.019413808 
0.0 0.020802798 
1.0 0.024223767 
1.0 0.014684182 
1.0 0.022189477 
1.0 0.020636618 
1.0 0.021078423 
1.0 0.034638863 
1.0 0.0206787 
1.0 0.015149923 
1.0 0.017473081 
1.0 0.019393703 
1.0 0.0149219595 
1.0 0.013887057 
1.0 0.0194675 
1.0 0.027172 
1.0 0.064335905 
1.0 0.026046054 
1.0 0.01316495 
1.0 0.029909683 
1.0 0.018769722 
1.0 0.02317632 
1.0 0.017535811 
1.0 0.017782308 
1.0 0.025047522 
1.0 0.021519534 
1.0 0.019312486 
1.0 0.01743947 
1.0 0.05814408 
1.0 0.021399422 
1.0 0.019631475 
1.0 0.022239791 
1.0 0.012497953 
1.0 0.01607637 
1.0 0.015807943 
1.0 0.010940944 
1.0 0.018297277 
1.0 0.021005051 
1.0 0.012949693 
1.0 0.015489198 
1.0 0.024505956 
1.0 0.038585097 
1.0 0.016002947 
1.0 0.017593471 
1.0 0.020376073 
1.0 0.013989472 
1.0 0.021383977 
1.0 0.023759898 
1.0 0.014312319 
1.0 0.015129661 
1.0 0.01703541 
1.0 0.032480255 
1.0 0.019570217 
1.0 0.036478844 
1.0 0.020805566 
1.0 0.014887393 
1.0 0.03174566 
1.0 0.026347173 
1.0 0.015145648 
1.0 0.041396916 
1.0 0.018009318 
1.0 0.02339818 
1.0 0.020398697 
1.0 0.023303485 
1.0 0.016873471 
1.0 0.015021218 
1.0 0.021097269 
1.0 0.02936799 
1.0 0.016819904 
1.0 0.019027015 
1.0 0.015852846 
1.0 0.013145237 
1.0 0.01777552 
1.0 0.017409312 
1.0 0.01835492 
1.0 0.018107142 
1.0 0.013736908 
1.0 0.014651837 
1.0 0.01843947 
1.0 0.021525662 
1.0 0.020694736 
1.0 0.015779063 
1.0 0.020398697 
1.0 0.021715973 
1.0 0.017819744 
1.0 0.025928376 
1.0 0.04473274 
1.0 0.025200453 
1.0 0.015296133 
1.0 0.023482861 
1.0 0.020488111 
1.0 0.017784024 
1.0 0.013044892 
1.0 0.013710454 
1.0 0.022422493 
1.0 0.02749496 
1.0 0.018346375 
1.0 0.015192294 
1.0 0.024191042 
1.0 0.02076142 
1.0 0.029954974 
1.0 0.022486532 
1.0 0.032089088 
1.0 0.030134587 
1.0 0.019223355 
0.0 0.017304802 
0.0 0.016884962 
0.0 0.02103311 
0.0 0.023869231 
0.0 0.017449765 
0.0 0.025465038 
0.0 0.03260994 
0.0 0.013511125 
0.0 0.021624869 
0.0 0.016082203 
0.0 0.017013961 
0.0 0.05130925 
0.0 0.023757983 
0.0 0.017654926 
0.0 0.017307354 
0.0 0.013488737 
0.0 0.017840913 
0.0 0.02134842 
0.0 0.038699586 
0.0 0.010516207 
0.0 0.015432048 
0.0 0.04285845 
0.0 0.019852212 
0.0 0.016278002 
0.0 0.018759249 
0.0 0.018696463 
0.0 0.016000304 
0.0 0.03628128 
0.0 0.019742599 
0.0 0.012157713 
0.0 0.014268016 
0.0 0.018482177 
0.0 0.017432956 
0.0 0.022422574 
0.0 0.021693626 
0.0 0.014783933 
0.0 0.025391033 
0.0 0.01734278 
0.0 0.02935141 
0.0 0.01381494 
0.0 0.016899535 
0.0 0.02165683 
0.0 0.019768236 
0.0 0.022052888 
0.0 0.022581019 
0.0 0.021646656 
0.0 0.020466618 
0.0 0.018404674 
0.0 0.019038098 
0.0 0.024468435 
0.0 0.026804067 
0.0 0.030018255 
0.0 0.019645058 
0.0 0.015776187 
0.0 0.023808628 
0.0 0.022960307 
0.0 0.016524984 
0.0 0.015557163 
0.0 0.02988285 
0.0 0.01736362 
0.0 0.022118656 
0.0 0.01760979 
0.0 0.018910054 
0.0 0.018017307 
0.0 0.016202671 
0.0 0.017321687 
0.0 0.040204275 
0.0 0.03093865 
0.0 0.023038495 
0.0 0.03033287 
0.0 0.018812621 
0.0 0.012650455 
0.0 0.0132643115 
0.0 0.016640373 
0.0 0.017683879 
0.0 0.017009743 
0.0 0.019054523 
0.0 0.014226658 
0.0 0.016827762 
0.0 0.014959353 
0.0 0.015564328 
0.0 0.019800467 
0.0 0.020238591 
0.0 0.014930487 
0.0 0.020792622 
1.0 0.017872443 
1.0 0.024000611 
1.0 0.016266627 
1.0 0.020994896 
1.0 0.020225327 
1.0 0.015264998 
1.0 0.017351864 
1.0 0.022735903 
1.0 0.012618758 
1.0 0.017333575 
1.0 0.017556004 
1.0 0.02058873 
1.0 0.018086147 
1.0 0.021817878 
1.0 0.016239215 
1.0 0.02920707 
1.0 0.027489519 
1.0 0.017897746 
1.0 0.03982669 
1.0 0.021624755 
1.0 0.014381385 
1.0 0.01716902 
1.0 0.029079262 
1.0 0.016359895 
1.0 0.029730717 
1.0 0.03389318 
1.0 0.029462287 
1.0 0.024061222 
1.0 0.019835707 
1.0 0.01683962 
1.0 0.014164283 
1.0 0.022657383 
1.0 0.019214543 
1.0 0.022234619 
1.0 0.019112427 
1.0 0.020271843 
1.0 0.015217328 
1.0 0.018268358 
1.0 0.019693378 
1.0 0.027042946 
1.0 0.020710267 
1.0 0.018004492 
1.0 0.018435713 
1.0 0.011403368 
1.0 0.015187146 
1.0 0.017414493 
1.0 0.020159665 
1.0 0.025389113 
1.0 0.018047886 
1.0 0.020898592 
1.0 0.015628902 
1.0 0.021296348 
1.0 0.018306619 
1.0 0.019790035 
1.0 0.017413821 
1.0 0.015778795 
1.0 0.022161748 
1.0 0.019831879 
1.0 0.013227969 
1.0 0.022207588 
1.0 0.019306203 
1.0 0.023456862 
0.0 0.023523984 
0.0 0.01585111 
0.0 0.017877365 
0.0 0.02053342 
0.0 0.020451315 
0.0 0.015744658 
0.0 0.020968476 
0.0 0.018517293 
0.0 0.015708255 
0.0 0.015642624 
0.0 0.013759056 
0.0 0.027096914 
0.0 0.018059049 
0.0 0.02693044 
0.0 0.013659644 
0.0 0.026998091 
0.0 0.024668077 
0.0 0.023458395 
0.0 0.023583956 
0.0 0.02393906 
0.0 0.024058541 
0.0 0.023598025 
0.0 0.018057873 
0.0 0.01598024 
0.0 0.017885827 
0.0 0.025550295 
0.0 0.021454174 
0.0 0.016695468 
0.0 0.023603357 
0.0 0.018295186 
0.0 0.019989744 
0.0 0.02007736 
0.0 0.025154976 
0.0 0.024517886 
0.0 0.025566822 
0.0 0.019813307 
0.0 0.022640068 
0.0 0.020364927 
0.0 0.026195168 
0.0 0.017823065 
0.0 0.01695555 
0.0 0.0154510075 
0.0 0.01711514 
0.0 0.03154606 
0.0 0.022557085 
0.0 0.03767122 
0.0 0.013942684 
0.0 0.015084274 
0.0 0.024734557 
0.0 0.023793595 
0.0 0.022828547 
0.0 0.022509573 
0.0 0.017282572 
0.0 0.017734136 
0.0 0.02328075 
0.0 0.030814415 
0.0 0.01576501 
0.0 0.026950646 
0.0 0.013396082 
0.0 0.023390539 
0.0 0.051523454 
0.0 0.014628453 
0.0 0.019930001 
0.0 0.032472398 
0.0 0.029517181 
0.0 0.021421673 
0.0 0.018908551 
0.0 0.029983785 
0.0 0.01683261 
0.0 0.01619279 
0.0 0.026144413 
0.0 0.021935793 
0.0 0.019886423 
0.0 0.019748108 
0.0 0.014325427 
0.0 0.02410107 
0.0 0.020669138 
0.0 0.021701308 
0.0 0.016513592 
0.0 0.015885841 
0.0 0.05452569 
0.0 0.021497305 
0.0 0.029420683 
0.0 0.030338928 
0.0 0.024221532 
0.0 0.015826736 
0.0 0.019266233 
0.0 0.018337775 
0.0 0.02076567 
0.0 0.019730402 
0.0 0.021849817 
0.0 0.018111506 
0.0 0.028339522 
0.0 0.020019224 
0.0 0.03174217 
0.0 0.018381994 
0.0 0.016284265 
0.0 0.026594602 
0.0 0.02191784 
0.0 0.03774253 
0.0 0.025638893 
0.0 0.014478583 
0.0 0.024353473 
0.0 0.024290098 
0.0 0.018593784 
0.0 0.025863675 
0.0 0.029782709 
0.0 0.022499995 
0.0 0.029630793 
0.0 0.03386975 
0.0 0.018444378 
0.0 0.058696665 
0.0 0.014939566 
0.0 0.01388198 
0.0 0.025022179 
0.0 0.017455189 
0.0 0.02134076 
0.0 0.024238972 
0.0 0.026869604 
0.0 0.014468636 
0.0 0.016634936 
0.0 0.032854978 
