276.0
276.0
273.54347826086956
290.95652173913044
271.21153846153845
255.7826086956522
279.15625
278.69767441860466
262.25714285714287
279.15384615384613
260.12
306.19354838709677
274.38235294117646
272.7391304347826
260.0
265.0833333333333
266.5846153846154
292.07142857142856
304.8709677419355
278.05882352941177
268.1186440677966
286.9782608695652
273.7741935483871
257.925
292.3243243243243
270.8181818181818
287.0
280.1904761904762
284.3529411764706
264.2962962962963
288.1929824561403
292.828125
289.8484848484849
294.38709677419354
288.5365853658537
281.5769230769231
247.66666666666666
278.7837837837838
262.4047619047619
260.32
281.4166666666667
293.63461538461536
296.6190476190476
281.1525423728813
266.5405405405405
260.6774193548387
291.69565217391306
267.6808510638298
275.0612244897959
282.5263157894737
291.2682926829268
292.86206896551727
287.34
274.26153846153846
274.30232558139534
289.5
282.2903225806452
271.04347826086956
286.04347826086956
287.1875
281.2739726027397
273.90625
292.39285714285717
303.4594594594595
255.23636363636365
261.62068965517244
281.18840579710144
280.325
275.3777777777778
286.36
280.5869565217391
279.44827586206895
251.40740740740742
350.525
271.0869565217391
272.76666666666665
268.43243243243245
299.51724137931035
318.2258064516129
261.3225806451613
270.06666666666666
287.3095238095238
279.8780487804878
271.2708333333333
240.05405405405406
276.83720930232556
287.1132075471698
272.04
307.22033898305085
272.6111111111111
276.25714285714287
296.40983606557376
295.1081081081081
289.2439024390244
260.04545454545456
290.95348837209303
267.04477611940297
273.8
282.8360655737705
265.4166666666667
277.0232558139535
291.23809523809524
295.890625
272.56
298.1034482758621
292.39622641509436
272.8918918918919
275.8627450980392
279.57142857142856
259.0192307692308
271.3142857142857
294.6216216216216
280.61290322580646
286.1132075471698
290.9375
264.32608695652175
311.1063829787234
287.875
280.0232558139535
295.32758620689657
294.0163934426229
301.3720930232558
272.84615384615387
264.0
260.9
257.34615384615387
291.12698412698415
287.65384615384613
286.93617021276594
262.6756756756757
250.63333333333333
273.6296296296296
269.6458333333333
303.16129032258067
267.22222222222223
266.1764705882353
306.22222222222223
274.10169491525426
297.2391304347826
295.1666666666667
289.2962962962963
328.2258064516129
285.8541666666667
298.21875
275.51428571428573
284.7857142857143
313.14
278.3809523809524
298.84615384615387
263.2307692307692
344.90909090909093
298.24590163934425
272.0769230769231
329.4230769230769
260.1224489795918
277.54545454545456
310.0204081632653
263.625
280.1666666666667
287.39130434782606
276.09090909090907
278.04761904761904
298.9433962264151
286.14285714285717
248.15384615384616
272.37142857142857
311.125
333.1470588235294
261.37735849056605
271.81481481481484
263.3333333333333
291.6140350877193
281.8863636363636
292.80357142857144
267.0
270.9142857142857
301.9791666666667
290.3404255319149
258.71794871794873
286.8421052631579
326.3235294117647
310.52941176470586
339.42424242424244
302.65714285714284
280.6923076923077
322.6046511627907
299.18
297.72
307.84375
332.9655172413793
266.51020408163265
262.0208333333333
271.7894736842105
300.6296296296296
286.9591836734694
289.84444444444443
297.8135593220339
273.6923076923077
286.2692307692308
286.26
282.75
304.5238095238095
323.4166666666667
299.96774193548384
283.8780487804878
283.6222222222222
288.0740740740741
298.4193548387097
305.19444444444446
324.87692307692305
278.15
301.3538461538462
295.2121212121212
278.3207547169811
307.2173913043478
288.6792452830189
280.25
307.14285714285717
271.7358490566038
298.3243243243243
285.2857142857143
298.28125
328.6333333333333
264.5416666666667
313.4
294.7659574468085
282.875
270.0217391304348
305.8363636363636
308.26666666666665
298.51785714285717
277.8888888888889
293.26190476190476
274.4166666666667
301.39473684210526
282.4583333333333
303.07894736842104
303.9310344827586
319.35135135135135
280.5609756097561
290.925
313.6666666666667
276.1333333333333
281.95454545454544
267.741935483871
300.95
266.7142857142857
291.9166666666667
298.6857142857143
286.4782608695652
291.17241379310343
273.3076923076923
295.609756097561
317.0408163265306
285.7291666666667
320.1842105263158
279.3414634146341
288.34090909090907
314.5806451612903
289.59090909090907
293.4848484848485
291.61538461538464
266.54716981132077
303.3030303030303
286.9591836734694
290.7894736842105
275.6875
278.6666666666667
280.14285714285717
281.3404255319149
327.0
292.0
313.6666666666667
319.3030303030303
329.8780487804878
298.3142857142857
317.89130434782606
357.84
293.1363636363636
287.2916666666667
332.7
279.93617021276594
340.4237288135593
363.95
348.2631578947368
376.4375
342.04761904761904
301.88524590163934
346.72727272727275
319.95454545454544
296.9024390243902
344.4864864864865
315.0655737704918
398.6
319.82456140350877
320.06060606060606
304.8333333333333
302.55555555555554
326.7096774193548
329.8666666666667
310.15625
341.6727272727273
348.1578947368421
284.95
310.1025641025641
346.0
398.7037037037037
317.5
325.4310344827586
306.75
337.48
303.4642857142857
371.8421052631579
326.06451612903226
297.82978723404256
315.9583333333333
416.05555555555554
306.4418604651163
347.48148148148147
362.2
298.0425531914894
415.37142857142857
317.1111111111111
281.06382978723406
308.57142857142856
391.2352941176471
317.7692307692308
361.7692307692308
308.46666666666664
365.1363636363636
424.4166666666667
317.9818181818182
365.0
316.5263157894737
316.03333333333336
311.57142857142856
340.3181818181818
322.42857142857144
325.02702702702703
328.7608695652174
332.0851063829787
283.44444444444446
321.1714285714286
307.97777777777776
343.6216216216216
307.89285714285717
344.5652173913044
441.93548387096774
336.7037037037037
361.86046511627904
334.7
338.5238095238095
321.4339622641509
321.4310344827586
409.15686274509807
304.1090909090909
327.2826086956522
345.4166666666667
309.85
318.4727272727273
332.9736842105263
347.2307692307692
296.27777777777777
321.6595744680851
246.20454545454547
298.88235294117646
296.8421052631579
263.0851063829787
290.4107142857143
263.8333333333333
284.96153846153845
301.52941176470586
283.9183673469388
322.88235294117646
329.93333333333334
304.921568627451
272.0
276.8611111111111
286.7
309.63829787234044
315.64864864864865
259.3333333333333
302.0444444444444
288.625
308.2325581395349
300.18
281.25
292.0
309.65384615384613
297.9791666666667
373.1666666666667
280.5882352941176
276.3137254901961
298.6969696969697
294.5
293.9142857142857
288.8780487804878
284.76666666666665
295.8965517241379
288.6792452830189
313.11764705882354
306.40425531914894
299.1333333333333
313.54545454545456
276.1296296296296
305.64516129032256
265.11764705882354
299.0952380952381
283.4
282.73809523809524
285.875
320.2307692307692
310.125
288.968253968254
300.18
291.01428571428573
313.97297297297297
286.10869565217394
310.5897435897436
288.86538461538464
306.40425531914894
281.97727272727275
307.2692307692308
272.2093023255814
301.04761904761904
293.4901960784314
299.8709677419355
297.05555555555554
309.05555555555554
295.9655172413793
310.3333333333333
318.02564102564105
313.2
291.4468085106383
278.15384615384613
287.075
291.53846153846155
305.63157894736844
293.1333333333333
287.94117647058823
267.25
279.728813559322
306.9142857142857
289.725
289.48148148148147
298.25925925925924
266.65714285714284
274.24242424242425
299.55172413793105
321.775
267.3888888888889
298.22
317.14285714285717
291.81481481481484
293.3061224489796
266.725
298.75
271.6078431372549
313.8888888888889
325.37931034482756
277.8076923076923
270.25
269.35483870967744
300.2083333333333
267.11764705882354
271.19607843137254
309.5576923076923
336.3
266.47058823529414
278.16279069767444
334.53846153846155
279.73333333333335
302.4193548387097
314.9347826086956
296.734693877551
286.37254901960785
309.93617021276594
281.6222222222222
324.08
258.72727272727275
267.8888888888889
294.05357142857144
330.9655172413793
271.59183673469386
313.70588235294116
305.5
300.0487804878049
339.125
271.2894736842105
305.0925925925926
333.02941176470586
263.2105263157895
291.06976744186045
287.7818181818182
289.94117647058823
286.8
285.3333333333333
314.5
311.78723404255317
346.9756097560976
312.04651162790697
303.07142857142856
325.57142857142856
304.87179487179486
315.921568627451
303.9795918367347
298.7457627118644
289.72222222222223
302.59183673469386
270.8
304.08
283.7
304.75
298.5
293.79487179487177
293.3103448275862
286.54
295.4807692307692
298.1489361702128
337.27659574468083
277.59375
317.8965517241379
309.04761904761904
306.68888888888887
292.15
276.4
320.0869565217391
296.90909090909093
302.53731343283584
321.7450980392157
296.3181818181818
329.14285714285717
279.1914893617021
296.29411764705884
323.09375
284.12
285.9189189189189
298.5952380952381
326.46153846153845
297.8048780487805
317.4848484848485
277.38775510204084
314.7111111111111
288.3235294117647
310.4791666666667
275.18
286.03508771929825
277.2083333333333
270.8421052631579
272.0952380952381
319.13513513513516
325.2105263157895
325.2105263157895
293.719298245614
269.8048780487805
299.79411764705884
260.42105263157896
307.28395061728395
286.88235294117646
304.37735849056605
293.7894736842105
302.2083333333333
293.9130434782609
292.04761904761904
325.64285714285717
266.425
278.8888888888889
284.92857142857144
297.87931034482756
301.27272727272725
302.1777777777778
321.18518518518516
311.625
295.1363636363636
294.25
290.2692307692308
284.28125
285.94871794871796
291.52272727272725
285.8857142857143
287.4
271.64285714285717
299.4727272727273
272.0857142857143
296.3269230769231
288.63492063492066
285.5625
289.8
283.5438596491228
295.969696969697
311.8974358974359
291.55555555555554
277.9811320754717
265.7567567567568
325.7708333333333
282.27777777777777
305.71794871794873
306.85185185185185
310.54545454545456
296.3859649122807
297.6
304.275
293.06976744186045
326.0
290.5147058823529
264.7307692307692
282.7631578947368
322.7142857142857
300.5416666666667
316.0
295.1914893617021
277.35
270.4
271.83720930232556
305.0
281.8727272727273
288.7567567567568
277.90909090909093
288.8709677419355
284.79487179487177
325.6470588235294
273.8
296.4
283.4318181818182
324.67241379310343
286.2
313.390243902439
314.85714285714283
283.44897959183675
302.0
318.14285714285717
285.25531914893617
296.4130434782609
294.92424242424244
289.4054054054054
252.22448979591837
281.2931034482759
265.48387096774195
289.8048780487805
291.54545454545456
270.64285714285717
292.92424242424244
294.2647058823529
269.7551020408163
299.1333333333333
315.1777777777778
302.0
284.07142857142856
279.32
336.86046511627904
278.8787878787879
262.4
292.27272727272725
281.3414634146341
300.375
324.8
289.2857142857143
298.1272727272727
306.0243902439024
291.8979591836735
329.25714285714287
278.5897435897436
316.72093023255815
286.2083333333333
324.74418604651163
307.62
281.9830508474576
295.30434782608694
276.5952380952381
340.0
266.2826086956522
315.5
316.38461538461536
313.2857142857143
341.9166666666667
322.8888888888889
300.1587301587302
312.45714285714286
301.64864864864865
314.1914893617021
329.3695652173913
287.58620689655174
310.8888888888889
331.825
274.89130434782606
308.2432432432432
303.02564102564105
291.4736842105263
277.8780487804878
297.3728813559322
320.6
287.98214285714283
299.3018867924528
309.85714285714283
269.84375
362.69565217391306
290.6041666666667
295.05
290.1914893617021
300.4634146341463
317.07142857142856
290.83673469387753
342.4390243902439
291.6808510638298
307.05
306.2641509433962
304.3829787234043
318.15625
265.8723404255319
318.6904761904762
301.5
313.43243243243245
307.43243243243245
296.0
283.9111111111111
266.26666666666665
302.5217391304348
324.57142857142856
319.3333333333333
281.22857142857146
287.72
324.60526315789474
296.7241379310345
304.44827586206895
314.0
301.4047619047619
308.5660377358491
326.8
299.1904761904762
300.6774193548387
294.3818181818182
322.15
281.4468085106383
314.3611111111111
314.3611111111111
327.7916666666667
276.26785714285717
292.9047619047619
320.74418604651163
267.0238095238095
287.5
312.93023255813955
310.94871794871796
283.5074626865672
297.0571428571429
315.96363636363634
298.93023255813955
328.3
300.9756097560976
299.5348837209302
310.2
283.82758620689657
339.97058823529414
280.6904761904762
295.703125
294.8
276.3636363636364
284.6666666666667
282.5111111111111
311.9387755102041
297.468085106383
285.38709677419354
294.1363636363636
291.4222222222222
291.1363636363636
287.9130434782609
272.7608695652174
299.6388888888889
279.7
322.08
292.625
330.4871794871795
275.0857142857143
270.3658536585366
290.84615384615387
282.8059701492537
291.70212765957444
264.5238095238095
300.77777777777777
305.9555555555556
304.3076923076923
303.8048780487805
276.7142857142857
348.8333333333333
297.2307692307692
330.1333333333333
282.3265306122449
293.0
290.79411764705884
291.01960784313724
304.90909090909093
280.4901960784314
320.48
276.4878048780488
287.98148148148147
299.35714285714283
266.4074074074074
297.1034482758621
294.6034482758621
302.12
280.90625
280.96
301.8181818181818
269.74468085106383
272.55555555555554
288.13513513513516
281.34375
305.53333333333336
301.4375
319.5806451612903
298.53968253968253
293.3191489361702
284.2456140350877
300.73333333333335
287.5238095238095
305.75
285.27777777777777
314.1111111111111
295.69444444444446
263.6216216216216
318.48837209302326
270.9166666666667
319.5121951219512
283.0487804878049
271.57142857142856
288.55263157894734
291.3888888888889
323.02941176470586
303.5
310.9818181818182
297.0
298.87719298245617
292.5609756097561
293.15
267.26666666666665
294.4791666666667
264.5609756097561
304.24242424242425
295.125
299.0243902439024
297.1212121212121
267.4583333333333
305.81081081081084
294.27450980392155
288.8157894736842
279.2307692307692
297.48571428571427
316.04761904761904
271.1311475409836
298.2
282.74545454545455
297.45
297.6744186046512
277.51612903225805
316.95454545454544
280.8
298.7846153846154
280.4146341463415
279.07142857142856
317.15686274509807
323.92
281.34615384615387
287.7173913043478
302.3658536585366
294.2608695652174
286.2972972972973
309.45714285714286
283.55555555555554
289.57894736842104
262.26984126984127
308.6595744680851
282.04761904761904
252.3939393939394
312.6969696969697
285.6
300.63157894736844
295.96666666666664
280.8857142857143
297.64285714285717
312.3478260869565
308.6
277.40816326530614
287.6896551724138
299.2857142857143
288.3783783783784
295.56944444444446
311.4375
274.63157894736844
345.06666666666666
287.95454545454544
324.7560975609756
298.04347826086956
323.8958333333333
291.45454545454544
295.9189189189189
291.0
274.6666666666667
299.7894736842105
296.44
310.5744680851064
276.0888888888889
352.5238095238095
305.31481481481484
310.5151515151515
314.8157894736842
353.95454545454544
281.5079365079365
293.5813953488372
308.24444444444447
273.0181818181818
273.62068965517244
345.9384615384615
304.0
288.6727272727273
278.92105263157896
321.81481481481484
356.10526315789474
328.83870967741933
343.14285714285717
333.3703703703704
339.47058823529414
282.31481481481484
310.3018867924528
296.241935483871
292.0
323.9310344827586
357.1111111111111
302.0689655172414
312.7692307692308
285.75
344.8727272727273
340.6
352.14285714285717
294.42424242424244
346.4
289.11764705882354
298.43859649122805
327.59016393442624
347.88461538461536
324.85
292.9166666666667
292.32608695652175
319.48148148148147
366.6111111111111
320.344262295082
321.71875
331.3333333333333
325.125
311.2173913043478
287.48
319.90909090909093
295.2325581395349
280.125
313.65277777777777
304.93333333333334
307.02777777777777
310.8888888888889
281.51162790697674
320.8
306.46153846153845
331.1521739130435
290.0
339.22222222222223
288.8965517241379
337.94117647058823
312.962962962963
308.8837209302326
333.80392156862746
285.72222222222223
302.3478260869565
317.5744680851064
312.93333333333334
313.65277777777777
302.8095238095238
362.2857142857143
295.84444444444443
283.7857142857143
295.2903225806452
327.2413793103448
338.1034482758621
294.86486486486484
281.18
277.32
286.52941176470586
277.04347826086956
274.55172413793105
329.5892857142857
285.219512195122
273.32758620689657
305.1509433962264
311.741935483871
264.45454545454544
268.67857142857144
252.16666666666666
282.1875
314.13953488372096
281.8181818181818
262.258064516129
326.6792452830189
278.7037037037037
279.9
250.53333333333333
294.0163934426229
313.7142857142857
283.0833333333333
306.3137254901961
308.3783783783784
288.95081967213116
286.9836065573771
289.42105263157896
286.57142857142856
320.05263157894734
279.921568627451
255.25
291.2162162162162
283.93617021276594
301.78
280.59090909090907
276.8936170212766
280.92105263157896
287.5813953488372
294.39130434782606
267.3809523809524
282.8709677419355
295.8695652173913
335.4375
295.8421052631579
296.9375
302.5192307692308
282.6938775510204
271.4782608695652
293.22727272727275
305.1463414634146
298.70454545454544
286.6222222222222
296.35
244.72413793103448
290.1
321.0
338.05
274.6333333333333
307.44444444444446
316.2
329.90625
310.7083333333333
298.9555555555556
276.77777777777777
288.7241379310345
309.05263157894734
327.75
286.48387096774195
269.5208333333333
297.7241379310345
301.75757575757575
308.9
276.1
323.46774193548384
316.5
301.94444444444446
278.8529411764706
304.7142857142857
269.86842105263156
294.86538461538464
265.3333333333333
307.5
290.56666666666666
265.7358490566038
271.6756756756757
282.8
320.14285714285717
308.4
290.57142857142856
308.1666666666667
281.89473684210526
278.5806451612903
276.3720930232558
322.7659574468085
265.57142857142856
291.53333333333336
287.2564102564103
289.38775510204084
292.0
294.85714285714283
292.90625
261.06666666666666
288.51666666666665
294.6666666666667
297.08
284.4909090909091
263.5
302.725
274.92857142857144
267.59574468085106
321.82758620689657
304.5238095238095
333.14285714285717
289.57142857142856
315.5806451612903
284.80357142857144
290.43243243243245
283.6551724137931
286.09615384615387
291.0204081632653
309.46
281.6666666666667
290.15909090909093
278.5833333333333
272.7878787878788
320.4074074074074
282.16
301.65714285714284
296.4583333333333
301.09090909090907
290.02127659574467
281.3333333333333
298.74074074074076
290.88235294117646
285.69444444444446
288.20754716981133
291.95
289.2173913043478
315.2391304347826
290.21276595744683
293.02
277.9591836734694
298.47058823529414
285.84090909090907
269.5882352941176
336.0731707317073
301.49152542372883
290.22222222222223
301.0952380952381
307.6279069767442
317.79487179487177
325.3863636363636
298.74074074074076
274.51428571428573
266.84375
284.2258064516129
305.8235294117647
324.02941176470586
288.4909090909091
302.53846153846155
290.7567567567568
278.2682926829268
293.05555555555554
312.40625
278.35
328.48148148148147
285.5581395348837
306.08474576271186
317.63157894736844
261.075
323.6875
284.40625
294.6818181818182
313.2903225806452
310.8780487804878
321.375
302.7647058823529
308.7674418604651
286.52941176470586
284.45
331.1388888888889
280.7826086956522
291.3939393939394
308.56410256410254
250.0487804878049
286.4318181818182
375.1111111111111
297.76666666666665
289.2291666666667
287.1818181818182
297.72131147540983
294.6458333333333
309.0857142857143
310.2631578947368
296.49333333333334
323.50943396226415
393.59090909090907
301.219512195122
269.3703703703704
307.57142857142856
320.0888888888889
283.13461538461536
324.3333333333333
324.29787234042556
296.4807692307692
330.2241379310345
296.4871794871795
281.13953488372096
302.8378378378378
290.02702702702703
269.84615384615387
313.1470588235294
283.1666666666667
281.0344827586207
279.07936507936506
280.09302325581393
283.80555555555554
307.84090909090907
302.02941176470586
322.69444444444446
310.1842105263158
327.23809523809524
273.5869565217391
316.30434782608694
296.0
295.64
338.84375
295.6666666666667
301.47169811320754
345.0
288.8709677419355
335.9344262295082
305.34
336.02941176470586
318.75
321.03225806451616
292.13953488372096
307.42857142857144
284.6363636363636
265.1136363636364
293.4583333333333
296.375
315.42105263157896
279.3030303030303
330.72727272727275
294.3636363636364
304.6909090909091
303.2456140350877
301.2105263157895
302.45
264.975
308.5813953488372
303.05
300.27272727272725
312.3076923076923
273.1521739130435
315.1714285714286
331.02702702702703
289.78846153846155
277.2894736842105
293.68888888888887
322.8333333333333
273.7647058823529
285.2972972972973
280.25
263.59615384615387
288.4047619047619
281.55882352941177
294.92857142857144
270.5208333333333
251.97619047619048
302.4634146341463
317.83720930232556
290.27777777777777
270.3658536585366
327.7241379310345
289.09090909090907
322.3529411764706
282.94444444444446
306.9230769230769
297.5882352941176
273.0851063829787
305.48148148148147
268.64
353.5
311.56
281.3181818181818
293.18918918918916
332.15625
288.3720930232558
280.135593220339
321.0857142857143
283.0
299.6818181818182
314.6
295.79411764705884
282.73214285714283
283.55
318.8157894736842
329.1034482758621
257.48571428571427
283.54347826086956
278.5111111111111
274.23333333333335
264.3095238095238
262.2
269.7105263157895
301.23333333333335
294.6666666666667
321.86046511627904
293.68888888888887
299.7027027027027
295.9056603773585
302.77272727272725
307.38461538461536
261.8780487804878
302.3783783783784
285.7631578947368
259.7818181818182
298.35135135135135
268.42857142857144
288.8611111111111
290.05882352941177
281.07547169811323
303.4102564102564
293.79411764705884
271.6666666666667
276.02272727272725
286.9767441860465
259.075
304.75
289.1777777777778
291.811320754717
292.0
285.84444444444443
311.65625
297.96078431372547
280.73333333333335
248.5909090909091
233.63333333333333
274.6551724137931
288.69444444444446
289.9189189189189
298.27777777777777
312.27659574468083
292.48275862068965
270.35897435897436
255.13793103448276
302.05263157894734
285.1190476190476
299.22222222222223
311.29545454545456
263.29411764705884
263.34285714285716
300.47058823529414
318.4
272.3030303030303
268.57894736842104
303.0731707317073
306.025
266.5357142857143
308.9047619047619
307.33962264150944
266.1764705882353
300.03921568627453
338.6896551724138
275.77777777777777
285.95652173913044
326.77272727272725
277.44897959183675
338.4634146341463
302.8709677419355
284.19444444444446
271.19354838709677
292.8333333333333
296.0238095238095
295.0344827586207
252.91666666666666
298.85185185185185
260.65384615384613
285.271186440678
313.55
277.75
278.27906976744185
293.6666666666667
281.53846153846155
296.8333333333333
286.9117647058824
316.22
290.875
289.0625
318.4313725490196
268.7931034482759
255.84375
254.4857142857143
300.63157894736844
263.47058823529414
253.71875
265.3529411764706
290.7352941176471
291.6666666666667
278.5833333333333
279.06666666666666
311.05263157894734
277.7692307692308
330.0967741935484
296.94444444444446
324.53846153846155
295.6388888888889
308.0238095238095
279.3157894736842
317.06666666666666
306.6666666666667
310.02272727272725
316.8181818181818
284.59375
255.86363636363637
336.188679245283
287.2448979591837
312.35714285714283
271.275
259.05
283.44827586206895
289.037037037037
326.78125
346.14285714285717
294.85
264.8857142857143
295.57142857142856
292.4193548387097
309.1
252.34782608695653
269.7352941176471
350.5
295.7049180327869
288.6896551724138
285.258064516129
299.38461538461536
283.88235294117646
273.67857142857144
297.34375
293.59615384615387
279.4047619047619
239.06666666666666
