1 0.156836258403146 0.138149701618999
0 0.156836258403146 0.138149701618999
1 0.121283982613775 0.113736611947535
1 0.112379281532349 0.0984917501585651
1 0.102166968645411 0.0926293179580784
1 0.115311493902201 0.109222975105719
1 0.13116409572734 0.121499598224565
1 0.135161577911969 0.141365581719731
1 0.126745894853294 0.124142154620238
1 0.0952530271056339 0.090905179952795
1 0.128395484108373 0.109240664102195
1 0.109718736146592 0.105560058617797
1 0.124459674262634 0.113024507961991
1 0.141394021278458 0.122858672260577
1 0.135046931714418 0.127788486888573
1 0.119281238013092 0.109760905446042
1 0.120055901975242 0.109967499976135
1 0.114076994319412 0.107714657531738
1 0.128881634644724 0.113411190620519
1 0.136401436396404 0.129836479497183
1 0.118517573571876 0.119342292145421
1 0.117666493786405 0.102269862198089
1 0.12652426267346 0.107948257748873
1 0.11716062154512 0.116326570566957
1 0.131083960289861 0.121284096651634
1 0.139035980022193 0.131881069355638
1 0.111649342948109 0.100479333285308
1 0.146477962363918 0.132343427223546
1 0.118982807873596 0.10878239420953
1 0.135070803941499 0.131797882625031
1 0.142040984321912 0.138668744552475
1 0.120140779906487 0.116056234888698
1 0.140696528856898 0.123510480148956
1 0.111300927763557 0.107859306034127
1 0.123166876789477 0.116455404188565
1 0.10939074465496 0.108035181239563
1 0.145953708560099 0.139424517272682
1 0.123869354812216 0.114389000654307
1 0.135763293617988 0.121171646856603
1 0.143709521060105 0.132393997744748
1 0.116654055705365 0.109076494330797
1 0.149012753478466 0.146581532155085
1 0.112504527166047 0.103098046730289
1 0.119500309053871 0.109650763512667
1 0.124502951330593 0.120435747731689
1 0.127052218152236 0.118969063998169
1 0.110814046056284 0.0965034713770339
1 0.115383607994919 0.105359640323283
1 0.133936855827255 0.135597773511903
1 0.119021207335813 0.111295323012486
1 0.126349820842593 0.111512643017969
1 0.134495289792365 0.115660517914637
1 0.1157349263281 0.113197791889485
1 0.134010278055027 0.139136500676418
1 0.128853575450283 0.114965371356034
1 0.124032911581924 0.115079273518921
1 0.122135580652517 0.11794756249978
1 0.124276990774489 0.117699868302407
1 0.120648062607281 0.117591677878303
1 0.129269790114154 0.124880834382846
1 0.0991287965568439 0.0867271900368029
1 0.130098098595585 0.115310205519826
1 0.109780558510301 0.11001575171985
1 0.138818931750016 0.142943722925964
1 0.103133944294477 0.0987457395003908
1 0.145961562098692 0.143417508232391
1 0.115596311965743 0.110201000081852
1 0.115893515430473 0.111685283154681
1 0.121743973671724 0.108668226331526
1 0.125840312062763 0.112018634708589
1 0.136583102334708 0.126646359695063
1 0.119669186899704 0.110651782346546
1 0.113108114486539 0.116400828958924
1 0.123065044654297 0.112914083256012
1 0.113113210793554 0.111829205801666
1 0.154294654572721 0.13722990871769
1 0.127134308771541 0.12661657670552
1 0.126178719813505 0.117407422309488
1 0.120489761258217 0.123919462130563
1 0.14126619116614 0.121613529571715
1 0.120790217255932 0.102560821343857
1 0.126263486075996 0.114193771771362
1 0.128156728509869 0.127401123754311
1 0.127995382306165 0.113881250212138
1 0.123828927867762 0.11303817397214
1 0.132295160945317 0.115233656218442
1 0.0855004739186347 0.0838378929643185
1 0.120155068124015 0.110013464234998
1 0.117896033711541 0.119817889249642
1 0.109298126323116 0.0980892406683424
1 0.118601979795372 0.109556409569014
1 0.107799353523882 0.0947085649641242
1 0.145031662935343 0.138053399368235
1 0.100934330251855 0.0832615297723747
1 0.114002522039351 0.100923112145624
0 0.139851868389423 0.130718156472376
0 0.114063533193146 0.0907023885475319
0 0.135732438473973 0.0995688186990374
0 0.129237954562967 0.118113510885921
0 0.126191854073752 0.122004489928543
0 0.0888334254902357 0.0835295221477721
0 0.129486889304384 0.114477726852592
0 0.138027814900217 0.125099938317573
0 0.12841311114128 0.116075076533062
0 0.149452255824415 0.129454074876939
0 0.115352617224002 0.0990992021710842
0 0.14305501082473 0.124778831150601
0 0.145868986690456 0.127482252669023
0 0.139336442623891 0.119742480112927
0 0.130870298850357 0.102345986424908
0 0.11870451805064 0.103927136734187
0 0.116709730208969 0.110971858498813
0 0.131929226516241 0.118063961482161
0 0.13150873749295 0.1081078244854
0 0.136175463859341 0.111047143434703
0 0.112332008058713 0.10467158795285
0 0.146607998928682 0.130261950105387
0 0.144319208682688 0.14355795373495
0 0.123240030677753 0.10844286212615
0 0.132934477374923 0.117182380814793
0 0.125524943929638 0.104987701178343
0 0.119336633054078 0.106525096082904
0 0.122621804565231 0.104221130920709
0 0.103886646445142 0.0804488478224691
0 0.126357883874255 0.112192190399682
0 0.119387707756985 0.11334109623001
0 0.153209115045928 0.144359547359656
0 0.135614096963569 0.109813531388802
0 0.155032644148611 0.134964402432203
0 0.135927143077217 0.126834909747513
0 0.118740300951436 0.104872118788581
0 0.143557212217257 0.135338543257841
0 0.146238542478789 0.128632330799655
0 0.130488583200142 0.133501505832119
0 0.113472379826186 0.0982593121900757
0 0.113547296777956 0.0959130403758229
0 0.127125329317293 0.119141838960205
0 0.13522739534384 0.128577350792307
0 0.11074199461785 0.102303600666162
0 0.165152631683852 0.125606819517252
0 0.135281909506674 0.123727334467991
0 0.145333179076638 0.131220282867541
0 0.124589128472547 0.113226979942406
0 0.124161242553233 0.109193656472619
0 0.162138683989105 0.136648151533201
0 0.131597232915431 0.11440561477077
0 0.139968244470022 0.128017038820657
0 0.137385027332368 0.117525237826774
0 0.116579990211079 0.102946426732887
0 0.120069466661405 0.097300704531922
0 0.121484985926096 0.108277603161214
0 0.122208253095036 0.103863062571139
0 0.143434642446511 0.127226368847814
0 0.137601580857187 0.125426037893458
0 0.124345615196464 0.114295735927732
0 0.117239072985545 0.106607965104622
0 0.122733199283512 0.105603017337595
0 0.133240421089919 0.119681355536196
0 0.133096481783927 0.11453936896287
0 0.144466307922121 0.130726392777486
0 0.129122484526223 0.110862033796928
0 0.132467969786373 0.117173502734891
0 0.135368249944975 0.131485478011066
0 0.143422895912545 0.143285878302293
0 0.128901762925304 0.119407104289012
0 0.128615895070855 0.110204900106275
0 0.101803881864881 0.0883561151861242
0 0.115967632132697 0.104140749781977
0 0.154248046155576 0.128266283905574
0 0.138940115088399 0.12523240603627
0 0.125931373569717 0.110347908362101
0 0.118321559418235 0.108907234078728
0 0.139130005087244 0.101316161382869
0 0.12602814749154 0.106634260225931
0 0.119515099157193 0.103717461225972
0 0.14577212945916 0.121833578629537
0 0.162739692824231 0.14526610614394
0 0.105667128520127 0.095260013482267
0 0.128104157722528 0.108188512230678
0 0.137991015514715 0.122078996324022
0 0.139959310479553 0.121916747692211
0 0.116737867718901 0.102952351319325
