1 0.116842555893397 0.113382927329144
1 0.105137100331591 0.101539903260217
1 0.091803661274053 0.0912863417454151
1 0.112343980987836 0.104290362047914
1 0.104762102162784 0.105749757291514
1 0.138110425234141 0.139975986857956
1 0.11875541384826 0.110782012649159
1 0.107890170801832 0.0976280450063619
1 0.120602790069728 0.114900577690029
1 0.101129472524806 0.100144293320174
1 0.0811685932082176 0.0893285946991169
1 0.108224607269055 0.10669959919146
1 0.10299345927786 0.10020715389271
1 0.111133802719072 0.103797583859844
1 0.0835654671479329 0.0855500797361244
1 0.106034891269165 0.106027973691044
1 0.107904980342495 0.0999281899444488
1 0.0891695631608346 0.0901320910252144
1 0.096190043835529 0.0905359094355825
1 0.111876327872714 0.101679961947631
1 0.0950951818667727 0.0889265158546088
1 0.109033670292918 0.101606240215704
1 0.0933139894416883 0.0926770569067895
1 0.119027350914229 0.106180229290248
1 0.105877262484701 0.100327251468207
1 0.11062637520716 0.102953683169986
1 0.100337347642333 0.0970676267543383
1 0.113637335951687 0.0986300624403227
1 0.120438933706352 0.116733476843424
1 0.10527495248668 0.100473752749363
1 0.0917624537930733 0.090151279192866
1 0.114190047857734 0.108811128664783
1 0.108481895647436 0.102171960125166
1 0.111233901329608 0.110608045915551
1 0.111145793190565 0.105370032574547
1 0.0965959609818873 0.0946163844590642
1 0.0929979768877888 0.0925763108883212
1 0.115054145245719 0.108273739603684
1 0.0965057368915995 0.0962600068210269
1 0.0969736769928192 0.0959789145003743
1 0.106497310007549 0.101433993529182
1 0.0980198569803162 0.0887938585709221
1 0.101558925082463 0.103900541316645
1 0.106821574322251 0.104255423517538
1 0.10675432350218 0.0971088801601711
1 0.112174366908275 0.102501635488616
1 0.108644304403588 0.104323820111009
1 0.0959999418807744 0.0875789296218752
1 0.0979425324907751 0.101590751545043
1 0.107549042298323 0.104150193033044
1 0.116169231658644 0.118084422672807
1 0.0939081435471165 0.0980232356591904
1 0.0983207524968864 0.100689968085547
1 0.0970733385053792 0.0939164928429342
0 0.116794200466279 0.0810029170241458
0 0.120796039464468 0.100387061744082
0 0.116865433141298 0.0921304171971934
0 0.139995163225139 0.10210675611874
0 0.134136478073836 0.113019244540146
0 0.117718469689325 0.0874115238461846
0 0.12842902509117 0.102804526957889
0 0.13170549565176 0.102017577320862
0 0.133227029887484 0.119589508835085
0 0.112519996201417 0.102440534951878
0 0.114489495850711 0.106487673581411
0 0.123620839797853 0.10686329398007
0 0.157493362647467 0.125184286049658
0 0.109751979132232 0.105270915286314
0 0.126898883696696 0.108497320809776
0 0.111772468621608 0.0984564360082158
0 0.114003254883698 0.117623426686494
0 0.11986635614717 0.0953133355207764
