0.0991728368169303 0.103875925339091
0.0991728368169303 0.103875925339091
0.118588330039846 0.126459935897727
0.109305428913472 0.122120926007693
0.108524370318566 0.129635683641655
0.105552202247002 0.115644432862704
0.11906279361898 0.11492954761036
0.118425665807263 0.136083222831724
0.138077919695955 0.14171532872098
0.12345188437863 0.154384556246414
0.119145087283691 0.130429720556493
0.121842105496301 0.135279707683514
0.0953376519789827 0.0979470869861286
0.132577698320409 0.147391475578711
0.0977948917900796 0.104603698035373
0.114859323607941 0.140424155175039
0.0986793582134116 0.12059440942184
0.0876424717334576 0.0895569287783148
0.103772288722984 0.108528982107373
0.119215575951523 0.132836209456451
0.110627928855609 0.121731793613949
0.104548961313222 0.120955104389247
0.11257347870823 0.126886177700746
0.0974666252394934 0.112671927445707
0.094318234229678 0.0985810633856442
0.0888907281164247 0.0915226174537508
0.097252190333856 0.103654252740759
0.116905285727204 0.13219374900237
0.103845537215976 0.121893579038181
0.13561128406549 0.149949783417659
0.113934472029965 0.131233735568766
0.107524974795307 0.111933372475438
0.120125831585478 0.151752107505781
0.11867403504498 0.138113967480219
0.108614234245631 0.118302065268841
0.096036319341933 0.096258501814867
0.129334493048408 0.152030418214314
0.120071279700284 0.130877202309558
0.0944702844781074 0.10513418217261
0.088624169484368 0.101978523277001
0.132906015349228 0.150633392268196
0.109529066122612 0.130622259557916
0.135942440380783 0.165977046500573
0.0979979708754045 0.102592762910542
0.133001791899025 0.147288397416583
0.119806611985482 0.139002389687657
0.12209892896635 0.141042004851278
0.115197785955959 0.130439737391679
0.130873875851881 0.138122793493246
0.120599477397473 0.128760387517221
0.135393630156022 0.137476140350715
0.123969619368851 0.136774229526091
0.126508815575208 0.143610093522149
0.111024694827481 0.127449356729524
0.101972509507049 0.115243704394992
0.102492949593646 0.117392041103336
0.110833060377306 0.13406501922741
0.104560662629718 0.124394230975039
0.130126344218462 0.142746075593123
0.111961029196974 0.126959330912132
0.117564077835002 0.141678825015043
0.11921544013437 0.14200982134067
0.120423210850786 0.146315146206351
0.103477619842995 0.108254541669336
0.119852725453829 0.144362997659429
0.0986586735046865 0.103284504043609
0.114789703716649 0.14699877551081
0.105774204140187 0.121852234521052
0.114289493841951 0.117541795210074
0.114757568419864 0.116303342894937
0.11519450442902 0.132520402871913
0.112618550120164 0.115432276782575
0.107972668957177 0.123115832120473
0.114639066436051 0.129753967701716
0.129985844205903 0.143197001422318
0.108000189339264 0.118220685849076
0.119824574444066 0.135593503552329
0.103334458846261 0.116505569278226
0.119902880363267 0.132280538136187
0.113799764018116 0.128710775233825
0.103995725347096 0.116649700140369
0.111678045537867 0.108126531341822
0.111903363140199 0.11687916027283
0.137634053014626 0.157205888429493
0.121101277426588 0.142552319705211
0.113654952323959 0.126046987366046
0.104143496441152 0.106406726232969
0.13395270569445 0.162457159848859
0.09728465669014 0.114370079791056
0.119199022665961 0.131979864508138
0.103322231693812 0.118628983386574
0.113697337356125 0.135176319306316
0.111338757334635 0.113272668728693
0.108274376905733 0.131153155245088
0.127310905955962 0.141239814565985
0.110242550324063 0.121753134140677
0.119017914706211 0.135376958158413
0.0995323930721184 0.112947047148929
0.111956828190906 0.116739865507365
0.0960804309389192 0.107283854766699
0.100583117895385 0.101956629658296
0.130776505933983 0.137087115469319
0.117758701258062 0.124943343863277
0.109574276925817 0.113824428026731
0.116815109959579 0.145298061615673
0.118614302488469 0.129796945953004
0.126478665657803 0.13982347923276
0.107614903761781 0.115418854031999
0.107958357812646 0.125637363891055
0.132516664722556 0.139060752858817
0.112877825266629 0.132254561570096
0.10187467212237 0.126489755763977
0.090698693671985 0.105523840776257
0.113223529537436 0.127008963521091
0.139052395883843 0.167701535138166
0.113353276215903 0.131510594871087
0.103475101417575 0.117866363439634
0.117863951041922 0.128162559924369
0.125436492094583 0.125442101245946
0.108037753651163 0.103466896464647
0.127741036738726 0.12026942226428
0.118989726559895 0.126137501844697
0.112605922276339 0.118893200718536
0.0981929933786311 0.114623545672768
0.119150744536486 0.125301856193914
0.138434770297133 0.146894407392414
0.100445118410745 0.112987878428523
0.116297325719467 0.117933286239361
0.103867692990721 0.0954060256160124
0.122908933180797 0.135555791837012
0.110347973429337 0.102088857960007
0.110018279044637 0.117794123094559
0.11964264427592 0.120998080676672
0.109359470636687 0.102102111620423
0.109025650862547 0.10788915422608
0.120555743389232 0.138495639286339
0.112839924814179 0.131503085544276
0.104265151683242 0.120129619702056
0.0912502349598879 0.0830124689237662
0.140319179747027 0.145069077518256
0.101509832100671 0.102051054814242
0.103682317816512 0.0994363628251807
0.102409993799127 0.0994854894125191
0.128799300635626 0.12978991300667
0.111490452244142 0.108948221820123
0.096285235785718 0.122164340105844
0.109244917493369 0.112300840991096
0.0959880613085075 0.101043848206941
0.117209237774303 0.118484539859073
0.104354172025633 0.119611558804295
0.111291498919653 0.113992526067767
0.125519974165785 0.149958343772385
0.116917405597163 0.113961522687573
0.117830803219693 0.119194130031795
0.120553650107135 0.138180870026041
0.116103324310823 0.126576999903159
0.102550173846053 0.0982331454026733
0.0993066586809516 0.105550054879944
0.113278525840573 0.134388717360454
0.130783486746463 0.123223506065687
0.0955777640005883 0.124825227412098
0.142446136226541 0.149315303779162
0.103102809598233 0.108454209505812
0.119982352792471 0.12782926481112
0.11295303808173 0.120416057510984
0.108287842673203 0.11777571496875
0.110130264386613 0.105871005759531
0.121119541988986 0.123035599603565
0.101276405612328 0.110385747201262
0.0951939292301139 0.0927480614242139
0.116759215435067 0.152271879665865
0.125347266112535 0.13567688425379
0.109768588867268 0.112915004595344
0.128311632953215 0.123672638602472
0.12817938974528 0.148194598518628
0.11680790762614 0.135035883607535
0.116440707936961 0.112782647799802
0.119448584242584 0.124687162877811
0.112896915537641 0.126802946266056
0.114127592521738 0.127926102961743
0.0951914743888037 0.113829332859324
0.122854687925084 0.140936685881747
0.123310355037434 0.162175509519746
0.102083732360951 0.137736208696852
0.112642065309718 0.144410156694167
0.105471812855548 0.126714506406729
0.111783708256339 0.135044253454385
0.0865191191863275 0.112875574617709
0.11410372761959 0.141482295174642
0.102537697561093 0.113353705677801
0.103691897372709 0.126129476770765
0.104951082522963 0.129343976101757
0.0968454737693664 0.127778918104633
0.138124635576217 0.167633021747547
0.126306702024905 0.155453430186538
0.102844711475452 0.134996636397513
0.113488641415817 0.140274952670679
0.106801128611543 0.129823954746482
0.100136105461723 0.130603732238911
0.113200285052729 0.146340699507947
0.100306281108262 0.121944554784523
0.133640815457097 0.160844701340834
0.116167198843871 0.135835943787058
0.106650610180507 0.134521704675675
0.123726727516778 0.148696997087934
0.113580985848648 0.140984548334221
0.124900335223266 0.143589857604537
0.115828754411309 0.138705108711397
0.100777692411481 0.127807605484271
0.10599583370338 0.134238188401454
0.105930534361209 0.135364888747723
0.123621549591673 0.144375638994615
0.114244175304234 0.141450207645165
0.101819868526603 0.132401364647214
0.103954197249177 0.135530773311834
0.100533394255381 0.132078591627691
0.126820203590138 0.157754842162214
0.112138082983597 0.130170099763416
0.0969480404042867 0.125107616857574
0.113878772775942 0.153873600815245
0.0974769082526314 0.123626107342025
0.116638985171365 0.139462328221348
0.127989783571511 0.156994471433579
0.0949972638986441 0.116069546295729
0.112916720162368 0.13996264819409
0.108238326900422 0.129961115927126
0.0824791235934868 0.108135659748945
0.115936887812653 0.137292346240106
0.0970508400884282 0.121257654320463
0.110577122216686 0.125166371616123
0.139466723652459 0.166108970723992
0.119098040381197 0.148058115272546
0.110856945895569 0.130929416913152
0.12076593822915 0.144381850887391
0.0976231451962974 0.116490979406917
0.102987685873473 0.130070737260768
0.114433651458834 0.140017018807044
0.121628188558317 0.158615719774944
0.120242026857368 0.152539253134591
0.098807811502121 0.126051715577487
0.110135671695348 0.146100318363233
0.0934974185318513 0.112370907714984
0.118377054214481 0.153212217130175
0.109590787061738 0.139445284859127
0.118233036260405 0.151300160165072
0.114761522680312 0.148333432082598
0.131461326851882 0.153154706243215
0.113906544111535 0.143059999045616
0.105071592519641 0.130224104321654
0.145063667629293 0.185334468011973
0.113163789330791 0.143256452515028
0.124088768874495 0.154204233472244
0.132062021597124 0.150330527616372
0.1130258419013 0.140162284106842
0.124623081827929 0.156091674176985
0.0994648492313348 0.107825809470415
0.124656553164037 0.15113360914554
0.115345625818634 0.14361864583119
0.108026473074362 0.134872854925214
0.101667082569182 0.122835526337606
0.113822873000487 0.147417013817041
0.114075485709304 0.145698664633882
0.0938601386536666 0.121473836303095
0.0929453411257557 0.113671134022516
0.126306702024905 0.155453430186538
0.126840207467521 0.15452463712222
0.108640636360084 0.132234676633313
0.13939922159054 0.166376357687957
0.117440257148838 0.142066439785233
0.100335049369922 0.120997669299036
0.102333828570749 0.134764643331054
0.11506991684698 0.14241841879361
0.103895927795463 0.130797248310835
0.116906395895044 0.14430849966278
0.114044882024573 0.122957122170343
0.0934742831597047 0.117909195210631
0.123608310248403 0.14667119443823
0.104260295197033 0.122900138771972
0.105588418649331 0.122400161551631
0.0973666514449509 0.121594972910754
0.107854611188545 0.124565876416472
0.129188008151323 0.136496841349275
0.130770022533604 0.13757149401479
0.150076761912717 0.136756754776516
0.152532638044773 0.140437426255117
0.132974916205955 0.1447832000746
0.131639393706969 0.134761040124666
0.129448363109171 0.144041425917039
0.111623056542028 0.110590245297991
0.112218856096721 0.122585554387397
0.121223959801286 0.12427573571026
0.142493376861626 0.116078940709555
0.113813029649906 0.123424229823358
0.138415221539275 0.124461949553339
0.12131151145871 0.137384863237874
0.142608519764107 0.12671547992998
0.103710436384567 0.120834772408049
0.111478535127895 0.120509093563303
0.149567997426346 0.139133217958481
0.0932369693751351 0.110166662257163
0.129167156966258 0.120809274343059
0.13680004775744 0.11737519516898
0.139733685778308 0.117572398043728
0.114786811530645 0.123889328538622
0.11050483282264 0.0889123878368043
0.132514247051839 0.123014578731444
0.139288764840145 0.137062607668978
0.130994329879952 0.136560546813878
0.137275615035234 0.135915088331564
0.112927400121954 0.12365046627021
0.151949400062413 0.142620872859334
0.127982506583523 0.130336183572054
0.123487042543815 0.111016944577822
0.103678563663522 0.131068790413012
0.116678964951912 0.118692351614755
0.127749116508727 0.147328146979369
0.180870954046925 0.125574000788369
0.104586400125088 0.124547814001736
0.138036156948682 0.123778863272135
0.136593265321816 0.135232905260647
0.141056657053605 0.136994992899329
0.157668970932335 0.124141768453553
0.120283090292669 0.121133040753104
0.119841059135636 0.143714033152675
0.0870112050310549 0.0976482080176658
0.141155929508586 0.116186099562201
0.119913019216849 0.12054756319842
0.18899617940132 0.138548184397653
0.129681621185721 0.171737940602195
0.149452152692155 0.11789059769695
0.172065342574337 0.12455905079045
0.121708437942646 0.11473298330225
0.13031869400229 0.145934484863954
0.131399317565295 0.127966803226653
0.110919669041202 0.127792933173505
0.130269611696965 0.13486701250396
0.121999656139846 0.130316571632646
0.115514191110583 0.135361357444926
0.143521695366903 0.136242852554683
0.133115613065677 0.132106333824655
0.172719582732059 0.150047726709104
0.111257396661844 0.133338077360001
0.114243245567896 0.129459927620854
0.113514847028381 0.132990286846499
0.138042157121883 0.12386010564699
0.11092583073512 0.126886044298848
0.139356818571323 0.128554665820933
0.151339951803033 0.115201137005773
0.125769774733191 0.133799224453027
0.140039986871484 0.130464577134873
0.12830696722852 0.13110846374521
0.0983692106007382 0.0920622671905756
0.12231605508782 0.136729985385074
0.117894541733503 0.117570783153266
0.122976598357607 0.120930600627215
0.105572230128039 0.124913143404169
0.134052300122645 0.118578066581224
0.108745963911128 0.110881749322765
0.0792360450212804 0.0954171217225116
0.138919908194189 0.123445660438472
0.14220473298691 0.136872222175158
0.13488711597185 0.1311122245453
0.0976270619938145 0.120399939403222
0.112536432649049 0.119826956788192
0.113499184327775 0.118805723289531
0.129079766460271 0.104577097104732
0.116582757102604 0.100368414396805
0.13327324077983 0.134645639980087
0.117460438721207 0.110484980033047
0.115264548417638 0.107732520686254
0.10722375500149 0.0960427374038236
0.126712338286288 0.11893126643307
0.132777249441904 0.127562996925989
0.0960414101403695 0.0856050432445285
0.130481055209077 0.109878807953351
0.121574254787057 0.110038811428176
0.116373000215165 0.10624008481316
0.108319967432865 0.104005226831693
0.11006579571279 0.0966588252009355
0.111972584630878 0.0967983634748365
0.125303337125278 0.102144243590136
0.0996729191755239 0.0956304135671416
0.12920481537662 0.0964093583327155
0.121469694915584 0.099685340234503
0.115149197883073 0.101054744311338
0.117130568973077 0.100771398881802
0.137298790380637 0.103189389303845
0.10543946745689 0.0838797963589561
0.104804386527866 0.0808260016726368
0.121969044824439 0.0965598003022411
0.113476110628762 0.0901648041222783
0.114872414421056 0.101055436147439
0.126485922874473 0.104211886030099
0.109100164397616 0.094026979970696
0.121482079235789 0.0973223530770074
0.123551273481085 0.0982461025335872
0.124825732735584 0.115760228314845
0.0984020145146689 0.0799161145226294
0.108431713623297 0.0866665183579172
0.105769561097335 0.0909859993936041
0.107882689781344 0.0903368414582227
0.119402259804328 0.0995242321980359
0.117663560120583 0.0972107178030361
0.130241994448832 0.111558776769945
0.121147390086316 0.108487915782199
0.11649945327992 0.0900621724462051
0.113953263112464 0.0896254490595151
0.120291465551089 0.113941594544406
0.127126946879112 0.0993106540010599
0.117845075678495 0.107724994391151
0.125722418089005 0.108724087098904
0.111811460060351 0.0921745890035627
0.132520474765576 0.116431425631621
0.125569313788809 0.11074957079302
0.117130568973077 0.100771398881802
0.115334041513887 0.0968037119366485
0.104272878257891 0.0880519440001277
0.106705473666253 0.0876213971770998
0.113567062386947 0.0849922681111057
0.114203399843511 0.0971615242450234
0.119402259804328 0.0995242321980359
0.106171936314153 0.0899736576911115
0.134497083589287 0.1143395185937
0.12357382472108 0.111775357342596
0.124199184478278 0.105044437816788
0.143656930289939 0.127153087234531
0.0964749423197364 0.0799886557909198
0.124606040484324 0.108058470653967
0.101790741481166 0.092278240180162
0.116039190721418 0.0933946461995807
0.110329177938683 0.0926539463039971
0.124607879159079 0.105548118500017
0.122170606819174 0.0939564437632184
0.102066856021654 0.0808676921375095
0.0986112542167713 0.0723178639690285
0.093149268895475 0.0734470374077266
0.11565651344511 0.069178216153746
0.0937666197556447 0.0703542450292416
0.105045134736258 0.0703894510494375
0.125949436931125 0.0801136755523407
0.11130448959664 0.0846002616244107
0.115225508483756 0.0759143180877494
0.100458967588248 0.0649895617432696
0.112601404002961 0.0759693557527189
0.116423329731687 0.0806212097179246
0.118904298862756 0.0792762721768882
0.107451096892549 0.0753468703033172
0.104731721951955 0.0740596270963307
0.104830300891875 0.0791009428905733
0.118890752955473 0.0831703686893914
0.119962346270105 0.0795846853483374
0.125305042808376 0.0813361532877703
0.104798430787232 0.0676178302083689
0.117432467054551 0.0782831967585619
0.11853345207461 0.0745152083596411
0.114048621449971 0.0801956515269519
0.117846664510901 0.075226809152555
0.109549936506868 0.0786844691578885
0.107988349467346 0.0780288152354508
0.099418704387065 0.0695027301218074
0.110956625008487 0.0747155587909983
0.125922564378472 0.0848043795811603
0.102503707354141 0.0676909284225797
0.0931814686577981 0.060696204663988
0.123889809000583 0.0887151267432485
0.113765731412842 0.0762189361752251
0.109887480421511 0.0745278975494965
0.1150088545363 0.0708860717232787
0.111729001815918 0.0775205107426218
0.106456762789666 0.0768004265956703
0.119965171363874 0.0713649680019016
0.103038742683116 0.0745184105473297
0.13437921772319 0.0869794162945731
0.149601289904479 0.0825226321828582
0.113577134063697 0.0698964115842074
0.126055874872342 0.0869319910630215
0.118249940855996 0.0821157457983929
0.106407714651708 0.0738663084241655
0.0984468269648127 0.068504847420366
0.095842790301552 0.0656846969845903
0.106691485676381 0.0689323042626729
0.108077095396103 0.0800525963026146
0.141943606966968 0.0861588865223882
0.116172199449225 0.0670299204875291
0.127554499560785 0.0795915683331852
0.0957538721988258 0.0640767129750603
0.126822075876348 0.0787826345475069
0.11062896787075 0.0757100020821518
0.123848210735993 0.0768748051774161
0.128778688727273 0.0817444074158317
0.102011299066616 0.0675698729573388
0.112676846126282 0.0709391660487913
0.119040236986717 0.0815654546669439
0.113760450724246 0.0825905153488271
0.143654647743888 0.0784484444569302
0.122173763165233 0.0791818000289885
0.106777308786075 0.0668709234799552
0.121748375960137 0.0651925852834168
0.117345841282205 0.0722104418080415
0.101825297092367 0.0830426652067218
0.134410198647975 0.0904803398046865
0.117382256850743 0.0690723451093665
0.0998360681674261 0.0768347414910308
0.114793526917666 0.0689508934392158
0.128581988551825 0.0846037256448287
0.113059232799504 0.0690666948010248
0.115622564731264 0.0769375953648053
0.117303814973178 0.0755681202431904
0.109687162467226 0.0672445505203381
0.129174151938048 0.0828436924234438
0.117333192072832 0.0714500668366695
0.1367806208158 0.082489358004802
0.12649356680501 0.0727108805086385
0.111789457197909 0.067504938801639
0.106330860526948 0.0691078263148633
0.117547748978675 0.0749476410712927
0.113361562602449 0.0713330178037555
0.118428274862474 0.0812360996326026
0.113409642703043 0.0731754864778991
0.126540822213993 0.0842839219525768
0.103953579749588 0.0762528892477865
0.1366266290468 0.0803284282894279
0.114170772927771 0.0742364544497602
0.127187510394832 0.0859507046716097
0.14596709807924 0.0789652512546133
0.119850744515509 0.07462460983877
0.0951492145670324 0.0698212001934615
0.110037678045241 0.0834632683638048
0.122233169244042 0.0797265956336655
0.0914745293964793 0.0648622244054404
0.116540670309656 0.0776015068202878
0.120733269581212 0.0703180998696166
0.125971070681904 0.0898720717188631
0.0978026379651195 0.0645704840374061
0.113034561493347 0.0741087130218347
0.106008182611039 0.0772123095934011
0.134225771752156 0.0882948619576537
0.102356347175179 0.0716539929725065
0.116701144153455 0.0782414601857721
0.119071430622546 0.0805763625450441
0.112284157764449 0.0828505736348605
0.118023984831839 0.0816545362795458
0.102862368788923 0.0712653141238632
0.106581711242846 0.0717280292072862
0.141861037913757 0.0777504123029333
0.10958582402869 0.0719788892597076
0.129262044610766 0.0740546160593507
0.105931908700545 0.0766577916481879
0.118420851200056 0.0745088976112734
0.115969256388012 0.0938975268710713
0.117681914450026 0.0766395616086897
0.156836258403146 0.138149701618999
0.156836258403146 0.138149701618999
0.121283982613775 0.113736611947535
0.112379281532349 0.0984917501585651
0.102166968645411 0.0926293179580784
0.115311493902201 0.109222975105719
0.13116409572734 0.121499598224565
0.135161577911969 0.141365581719731
0.126745894853294 0.124142154620238
0.0952530271056339 0.090905179952795
0.128395484108373 0.109240664102195
0.109718736146592 0.105560058617797
0.124459674262634 0.113024507961991
0.141394021278458 0.122858672260577
0.135046931714418 0.127788486888573
0.119281238013092 0.109760905446042
0.120055901975242 0.109967499976135
0.114076994319412 0.107714657531738
0.128881634644724 0.113411190620519
0.136401436396404 0.129836479497183
0.118517573571876 0.119342292145421
0.117666493786405 0.102269862198089
0.12652426267346 0.107948257748873
0.11716062154512 0.116326570566957
0.131083960289861 0.121284096651634
0.139035980022193 0.131881069355638
0.111649342948109 0.100479333285308
0.146477962363918 0.132343427223546
0.118982807873596 0.10878239420953
0.135070803941499 0.131797882625031
0.142040984321912 0.138668744552475
0.120140779906487 0.116056234888698
0.140696528856898 0.123510480148956
0.111300927763557 0.107859306034127
0.123166876789477 0.116455404188565
0.10939074465496 0.108035181239563
0.145953708560099 0.139424517272682
0.123869354812216 0.114389000654307
0.135763293617988 0.121171646856603
0.143709521060105 0.132393997744748
0.116654055705365 0.109076494330797
0.149012753478466 0.146581532155085
0.112504527166047 0.103098046730289
0.119500309053871 0.109650763512667
0.124502951330593 0.120435747731689
0.127052218152236 0.118969063998169
0.110814046056284 0.0965034713770339
0.115383607994919 0.105359640323283
0.133936855827255 0.135597773511903
0.119021207335813 0.111295323012486
0.126349820842593 0.111512643017969
0.134495289792365 0.115660517914637
0.1157349263281 0.113197791889485
0.134010278055027 0.139136500676418
0.128853575450283 0.114965371356034
0.124032911581924 0.115079273518921
0.122135580652517 0.11794756249978
0.124276990774489 0.117699868302407
0.120648062607281 0.117591677878303
0.129269790114154 0.124880834382846
0.0991287965568439 0.0867271900368029
0.130098098595585 0.115310205519826
0.109780558510301 0.11001575171985
0.138818931750016 0.142943722925964
0.103133944294477 0.0987457395003908
0.145961562098692 0.143417508232391
0.115596311965743 0.110201000081852
0.115893515430473 0.111685283154681
0.121743973671724 0.108668226331526
0.125840312062763 0.112018634708589
0.136583102334708 0.126646359695063
0.119669186899704 0.110651782346546
0.113108114486539 0.116400828958924
0.123065044654297 0.112914083256012
0.113113210793554 0.111829205801666
0.154294654572721 0.13722990871769
0.127134308771541 0.12661657670552
0.126178719813505 0.117407422309488
0.120489761258217 0.123919462130563
0.14126619116614 0.121613529571715
0.120790217255932 0.102560821343857
0.126263486075996 0.114193771771362
0.128156728509869 0.127401123754311
0.127995382306165 0.113881250212138
0.123828927867762 0.11303817397214
0.132295160945317 0.115233656218442
0.0855004739186347 0.0838378929643185
0.120155068124015 0.110013464234998
0.117896033711541 0.119817889249642
0.109298126323116 0.0980892406683424
0.118601979795372 0.109556409569014
0.107799353523882 0.0947085649641242
0.145031662935343 0.138053399368235
0.100934330251855 0.0832615297723747
0.114002522039351 0.100923112145624
0.139851868389423 0.130718156472376
0.114063533193146 0.0907023885475319
0.135732438473973 0.0995688186990374
0.129237954562967 0.118113510885921
0.126191854073752 0.122004489928543
0.0888334254902357 0.0835295221477721
0.129486889304384 0.114477726852592
0.138027814900217 0.125099938317573
0.12841311114128 0.116075076533062
0.149452255824415 0.129454074876939
0.115352617224002 0.0990992021710842
0.14305501082473 0.124778831150601
0.145868986690456 0.127482252669023
0.139336442623891 0.119742480112927
0.130870298850357 0.102345986424908
0.11870451805064 0.103927136734187
0.116709730208969 0.110971858498813
0.131929226516241 0.118063961482161
0.13150873749295 0.1081078244854
0.136175463859341 0.111047143434703
0.112332008058713 0.10467158795285
0.146607998928682 0.130261950105387
0.144319208682688 0.14355795373495
0.123240030677753 0.10844286212615
0.132934477374923 0.117182380814793
0.125524943929638 0.104987701178343
0.119336633054078 0.106525096082904
0.122621804565231 0.104221130920709
0.103886646445142 0.0804488478224691
0.126357883874255 0.112192190399682
0.119387707756985 0.11334109623001
0.153209115045928 0.144359547359656
0.135614096963569 0.109813531388802
0.155032644148611 0.134964402432203
0.135927143077217 0.126834909747513
0.118740300951436 0.104872118788581
0.143557212217257 0.135338543257841
0.146238542478789 0.128632330799655
0.130488583200142 0.133501505832119
0.113472379826186 0.0982593121900757
0.113547296777956 0.0959130403758229
0.127125329317293 0.119141838960205
0.13522739534384 0.128577350792307
0.11074199461785 0.102303600666162
0.165152631683852 0.125606819517252
0.135281909506674 0.123727334467991
0.145333179076638 0.131220282867541
0.124589128472547 0.113226979942406
0.124161242553233 0.109193656472619
0.162138683989105 0.136648151533201
0.131597232915431 0.11440561477077
0.139968244470022 0.128017038820657
0.137385027332368 0.117525237826774
0.116579990211079 0.102946426732887
0.120069466661405 0.097300704531922
0.121484985926096 0.108277603161214
0.122208253095036 0.103863062571139
0.143434642446511 0.127226368847814
0.137601580857187 0.125426037893458
0.124345615196464 0.114295735927732
0.117239072985545 0.106607965104622
0.122733199283512 0.105603017337595
0.133240421089919 0.119681355536196
0.133096481783927 0.11453936896287
0.144466307922121 0.130726392777486
0.129122484526223 0.110862033796928
0.132467969786373 0.117173502734891
0.135368249944975 0.131485478011066
0.143422895912545 0.143285878302293
0.128901762925304 0.119407104289012
0.128615895070855 0.110204900106275
0.101803881864881 0.0883561151861242
0.115967632132697 0.104140749781977
0.154248046155576 0.128266283905574
0.138940115088399 0.12523240603627
0.125931373569717 0.110347908362101
0.118321559418235 0.108907234078728
0.139130005087244 0.101316161382869
0.12602814749154 0.106634260225931
0.119515099157193 0.103717461225972
0.14577212945916 0.121833578629537
0.162739692824231 0.14526610614394
0.105667128520127 0.095260013482267
0.128104157722528 0.108188512230678
0.137991015514715 0.122078996324022
0.139959310479553 0.121916747692211
0.116737867718901 0.102952351319325
0.0594893783368215 0.114448053375701
0.0594893783368215 0.114448053375701
0.0672991534701234 0.12497266146516
0.0680764681494203 0.117242497391155
0.0552488331929572 0.104617906161786
0.0618538567935715 0.10230654024881
0.0720260581912788 0.118556787317996
0.0641585899975165 0.109087244973159
0.0734985433101039 0.117311416441936
0.058934402355976 0.108057072011143
0.0675943047135094 0.103463847808689
0.0624353671931153 0.100394270350667
0.0544791822827854 0.0950769898572138
0.0721994185069358 0.115029415254474
0.0800846033396586 0.12460929898564
0.070280529070918 0.113484103968941
0.0577183410028852 0.107957853380367
0.0693845165570826 0.123950971141397
0.0570269638903255 0.0967118814412853
0.0565166531050461 0.12098171369657
0.0747446799893567 0.119173947007298
0.0652924285616492 0.111848483096031
0.0601632011051955 0.0998710975728258
0.0722374941143232 0.110944450617653
0.068692485853146 0.113512367847378
0.069442877923767 0.113706915501631
0.067193810186309 0.11545254796166
0.0779018560773764 0.116301755044386
0.0645778243032445 0.111977246652903
0.0645510571240756 0.10732180895628
0.0544491286426382 0.099135473027175
0.0581270896670704 0.102678486864315
0.058748091472992 0.114463277333496
0.0665274306340835 0.11316474204332
0.0685992396973014 0.110549925689573
0.0584696176552441 0.0988195695629717
0.0787164404274315 0.115916135954625
0.0580746685615912 0.104494563648801
0.0589796961353031 0.108852391948476
0.064916678910309 0.112619889882627
0.0711336477457677 0.113944551204686
0.0457436848701456 0.0916290232297447
0.0683021370993304 0.106304011909877
0.0681043570572368 0.110434099146166
0.0675367252054005 0.103237546898125
0.0509628390147117 0.0891816450315371
0.0530207368171942 0.0987523508816153
0.0643033523705997 0.11388141648929
0.0734946817922543 0.123335750209522
0.0674953452632413 0.096832352555968
0.058171128132224 0.0933054540395577
0.0746361729984819 0.109194157948322
0.0575297764749206 0.0963563035767424
0.066468710187999 0.102572380587535
0.0602266515399786 0.101671840168301
0.0681438812957745 0.114689459274907
0.0634678023826106 0.109086991508357
0.0575870950448859 0.0963923028945192
0.0643022707006849 0.0979275138452185
0.0633514245799516 0.109057056624831
0.0551137339474513 0.0991363364475639
0.0696350313615015 0.121091296552857
0.0525760471654462 0.0737151341307607
0.059842647368049 0.102229635107649
0.0657110835351745 0.102282339148902
0.059439872803664 0.0930852203996998
0.0612617685846635 0.105020449465995
0.0506905751126309 0.0903033470905509
0.0585306992226431 0.104964924777832
0.132156216969501 0.0882865483028526
0.138552973808942 0.0840892764689332
0.13123344406063 0.0765520448416687
0.148558530839992 0.0834027690913436
0.139991881192514 0.0851716294336848
0.120649055704946 0.0818680517642528
0.194384629826675 0.113325090804165
0.15881697102047 0.0934466514897856
0.137562394011785 0.0833501748962138
0.139826791856287 0.081961401268765
0.13046403069423 0.0885427105979084
0.147471737523164 0.0882401373212572
0.13275909232997 0.0732790525585842
0.118942098459622 0.0720660981425199
0.13279307598089 0.0794749240450101
0.134880512313382 0.0774645607999826
0.144947704286733 0.0729766006767055
0.155400520926312 0.101684904067955
0.153565227637194 0.0870366641817608
0.145294762859336 0.074849300828935
0.148942450643584 0.0851241172353929
0.156712662073534 0.095966218927832
0.179353075952474 0.10660738826628
0.133638501578698 0.081519486566735
0.129444379182199 0.0750452463753544
0.144742450283064 0.078893929284873
0.130185013357484 0.071332975874037
0.138773888352359 0.077468849390579
0.123372667250687 0.0769955045897343
0.161461358039309 0.0920596897809573
0.137271231788834 0.0742955037315838
0.13059532117143 0.0764393786589563
0.140143114813063 0.0850807215710373
0.151283819394233 0.0910189194285198
0.150598886807292 0.0874476396210805
0.129465349995655 0.0772475802794205
0.143391226913682 0.087481106813917
0.140463861722213 0.0846541453424379
0.137281930814634 0.0858509341027441
0.148105280170653 0.0885822998545886
0.13554578878712 0.0773743169989282
0.148757804835539 0.0895207189741042
0.130605837852749 0.074016033062724
0.136921760838375 0.0816557199571546
0.135053000222463 0.0750105244748174
0.139736071614475 0.0772444482456861
0.150807162735937 0.0911428377550674
0.123871860829359 0.0759486865070556
0.129479467391652 0.0806982389326347
0.161794763472599 0.0919526990838943
0.14481694733303 0.0858085868729257
0.133839241071297 0.0781208366302447
0.135004695770679 0.0814997921048489
0.152523849648732 0.0908278045767595
0.142042520421166 0.0865834632730091
0.142095605322733 0.0825402077246575
0.135193508983306 0.0770082311136401
0.13747523919552 0.0766413698498369
0.168935564038127 0.0883956667804624
0.147449672722593 0.0953977795587236
0.135291370115687 0.0806289260080264
0.145498086665052 0.0884228536563563
0.137214431775199 0.0733457164333778
0.155551116322441 0.0995062500429728
0.148576154606315 0.101576807298244
0.141212078441946 0.089236054657369
0.11284926753111 0.0702986674259599
0.149002467151187 0.0913364111268739
0.131460321854215 0.0788766444888718
0.135273873752212 0.0842657605275407
0.15776920098472 0.0930265821837959
0.16509215345236 0.0955008691148859
0.152998813769164 0.0893509089932507
0.154228738481654 0.0811653583398588
0.149027325929023 0.0875285780582279
0.13046451944439 0.0832759120352758
0.147412749524832 0.0857040370932384
0.13320072616503 0.0754552749186988
0.168722803219608 0.0952418766831349
0.129298373270493 0.0734098151290987
0.131003909392391 0.0777635657331186
0.137982767251538 0.0749572957542363
0.140744715327726 0.085509563019219
0.146051909293221 0.0821375128070407
0.138698036831415 0.0761596053712039
0.154063359502009 0.0934601997601778
0.127378647219498 0.0784923602276868
0.129739061688886 0.0758237503790548
0.152733617104824 0.0880243698919421
0.146184193022054 0.0842173395285173
0.131674663582333 0.0728513093740078
0.162599068881931 0.0933302420858663
0.141004485691075 0.0779740868981336
0.128580100497378 0.0760530854081587
0.145932077777168 0.0818256598895119
0.155713802783309 0.090286376452694
0.156905257335472 0.0922558762084705
0.146853012793965 0.0915993725933587
0.154527371522811 0.0986568425043255
0.147654570794829 0.0765908253103706
0.13771054819751 0.0839988974188667
0.158241083686944 0.0844704522628506
0.135692610504673 0.0722155135004344
0.14582131665222 0.0810738531275932
0.148737917541861 0.0886784487009916
0.159572377792609 0.0913850360552413
0.169159970389471 0.103659219909723
0.13053232273566 0.0796927591053109
0.110156744899629 0.0659139426249361
0.132486362644967 0.0735070884342914
0.140412858840635 0.0831376746500509
0.169572908591041 0.0907662196441219
0.152571409705397 0.0848320120685393
0.189958051951539 0.112936334942756
0.128933628009756 0.077326711043847
0.143322022986824 0.100614374826974
0.127430719056645 0.0581993319996262
0.120740342886302 0.0654545492917425
0.143802137742758 0.0794816548149751
0.155370841719702 0.089950368554457
0.123482264595868 0.0719935264423495
0.148602731876148 0.0866956973716216
0.153925106250866 0.0865347438722543
0.14348144632698 0.0831589024271239
0.141683676509065 0.0892046667273047
0.136513196423882 0.0704251744234082
0.156556722362066 0.090478551936775
0.141487097235902 0.0724767193688968
0.13545447269453 0.0713411853779786
0.144915034874502 0.0864650719938804
0.130352558536019 0.0718759307348103
0.15191907260954 0.0916126297922756
0.106599025545636 0.0515479935533796
0.135433209754372 0.0817814938318458
0.143379433225871 0.0851794017112561
0.147258324225487 0.0808629676235644
0.12351152262082 0.0649510508796194
0.174165856030772 0.0996075229883165
0.139924372516988 0.0851778174819304
0.144557773638572 0.0822320539287307
0.138913651113936 0.0791921696684935
0.175241033965073 0.0842852863515557
0.14316350915473 0.0809953077929208
0.136754422961997 0.0827180296563376
0.152061443313998 0.0847051825622723
0.144146482668403 0.0837186192846064
0.172483324398068 0.0965130705372763
0.146446558395691 0.0801141212585017
0.131596566522408 0.0785945538527355
0.161738737118736 0.0903488082091823
0.134138500021061 0.0742218464636341
0.152964006903277 0.0882396092965924
0.134647660168801 0.0871839923901532
0.139447035058905 0.0802555594592741
0.13284224385557 0.074762604367796
0.126954964464395 0.0710254999730844
0.149617444221358 0.0915882845795765
0.138715499653507 0.0815611466771648
0.15940410043681 0.0951344993172509
0.144312188834194 0.0692441609542632
0.139138636784776 0.0806210803508248
0.122158473572456 0.066523461778937
0.123378084479348 0.0666887787491955
0.133743914651101 0.0806339843284796
0.146536809456446 0.0912004497648706
0.156354131589871 0.0952272848038041
0.127913373153853 0.0721692240433434
0.154794843401559 0.0859730400786957
0.143674283115557 0.0813669897253792
0.12811342828585 0.07630675090567
0.152964006903277 0.0882396092965924
0.136618972569316 0.068672297629698
0.163314618259345 0.108781770627411
0.130928756242242 0.0752353308670009
0.131643585073004 0.0790015261656395
0.139178758061185 0.0780297275666911
0.148882417359217 0.0832019947534091
0.135025668018521 0.0783367969389897
0.136505518377803 0.0844474379159201
0.151814630803471 0.0879765838777362
0.151668071014746 0.0869087571286627
0.116842555893397 0.113382927329144
0.105137100331591 0.101539903260217
0.091803661274053 0.0912863417454151
0.112343980987836 0.104290362047914
0.104762102162784 0.105749757291514
0.138110425234141 0.139975986857956
0.11875541384826 0.110782012649159
0.107890170801832 0.0976280450063619
0.120602790069728 0.114900577690029
0.101129472524806 0.100144293320174
0.0811685932082176 0.0893285946991169
0.108224607269055 0.10669959919146
0.10299345927786 0.10020715389271
0.111133802719072 0.103797583859844
0.0835654671479329 0.0855500797361244
0.106034891269165 0.106027973691044
0.107904980342495 0.0999281899444488
0.0891695631608346 0.0901320910252144
0.096190043835529 0.0905359094355825
0.111876327872714 0.101679961947631
0.0950951818667727 0.0889265158546088
0.109033670292918 0.101606240215704
0.0933139894416883 0.0926770569067895
0.119027350914229 0.106180229290248
0.105877262484701 0.100327251468207
0.11062637520716 0.102953683169986
0.100337347642333 0.0970676267543383
0.113637335951687 0.0986300624403227
0.120438933706352 0.116733476843424
0.10527495248668 0.100473752749363
0.0917624537930733 0.090151279192866
0.114190047857734 0.108811128664783
0.108481895647436 0.102171960125166
0.111233901329608 0.110608045915551
0.111145793190565 0.105370032574547
0.0965959609818873 0.0946163844590642
0.0929979768877888 0.0925763108883212
0.115054145245719 0.108273739603684
0.0965057368915995 0.0962600068210269
0.0969736769928192 0.0959789145003743
0.106497310007549 0.101433993529182
0.0980198569803162 0.0887938585709221
0.101558925082463 0.103900541316645
0.106821574322251 0.104255423517538
0.10675432350218 0.0971088801601711
0.112174366908275 0.102501635488616
0.108644304403588 0.104323820111009
0.0959999418807744 0.0875789296218752
0.0979425324907751 0.101590751545043
0.107549042298323 0.104150193033044
0.116169231658644 0.118084422672807
0.0939081435471165 0.0980232356591904
0.0983207524968864 0.100689968085547
0.0970733385053792 0.0939164928429342
0.116794200466279 0.0810029170241458
0.120796039464468 0.100387061744082
0.116865433141298 0.0921304171971934
0.139995163225139 0.10210675611874
0.134136478073836 0.113019244540146
0.117718469689325 0.0874115238461846
0.12842902509117 0.102804526957889
0.13170549565176 0.102017577320862
0.133227029887484 0.119589508835085
0.112519996201417 0.102440534951878
0.114489495850711 0.106487673581411
0.123620839797853 0.10686329398007
0.157493362647467 0.125184286049658
0.109751979132232 0.105270915286314
0.126898883696696 0.108497320809776
0.111772468621608 0.0984564360082158
0.114003254883698 0.117623426686494
0.11986635614717 0.0953133355207764
0.1165669254829 0.109477278871233
0.128947181957463 0.11945889914247
0.124586106611808 0.121837100922602
0.115864578906683 0.116181818752657
0.139602426134587 0.148427329435622
0.102973010924255 0.104596978651878
0.130835927203825 0.137390217714253
0.134056187464475 0.132557891361765
0.13893703580234 0.146594974926587
0.118402814307195 0.110676033076256
0.111930045353644 0.109714918240219
0.124336423285802 0.131129910608284
0.112683280389898 0.118990864455657
0.0990345930804847 0.101343620974577
0.144406725323069 0.175138697381843
0.118021162963182 0.123634437646238
0.126403665918074 0.128919935116278
0.13799356389176 0.134493709317026
0.122881134253845 0.133717376161249
0.0995441421659502 0.113742606858925
0.114678548674709 0.120688143743362
0.129454537305921 0.138647044288044
0.140020592226199 0.135282145044405
0.115854019618258 0.116546359034951
0.103921167813652 0.104981922973134
0.113405447339157 0.113321761689824
0.135840377188818 0.151876725451341
0.132276956468251 0.135195046942065
0.109631356476655 0.118041627910636
0.128616355213779 0.14712161085255
0.127611944554 0.136481209929178
0.149394142714841 0.153960888919198
0.106460406371232 0.104742418360982
0.127275611924716 0.127855611292002
0.147233563107229 0.153804473243915
0.117280289028825 0.120990282035776
0.109889970746255 0.110187829433893
0.120468932568243 0.122478179424137
0.128616410613909 0.124913245689951
0.115274473058129 0.112830938496871
0.121644413011329 0.122394934736639
0.117957226091139 0.121065973001733
0.122357096856665 0.123177853812956
0.124862934458679 0.121013102167504
0.129648851446074 0.128985483421415
0.141610375548991 0.141032178909402
0.122809806554663 0.122317318470673
0.121427241785107 0.122189034982553
0.141877459597558 0.136656959478903
0.150142386274524 0.161329723312501
0.115639861979921 0.115289754281452
0.128059250985969 0.131112103054372
0.109250404847435 0.10985615908034
0.109239376387678 0.11503308398745
0.11354649138406 0.118467774793136
0.107566680647555 0.101878896926604
0.118007452077101 0.115314271594968
0.135871409517238 0.155921426835482
0.125995330258008 0.130293125042926
0.110731961522871 0.120882237089523
0.09689984003051 0.0982001989074539
0.117067350809821 0.129973391340135
0.123101762700811 0.119188138586205
0.129495430191061 0.14288316470491
0.122850803963648 0.121068017925541
0.123317760048644 0.125695168410422
0.131678184164718 0.132023422135445
0.128514864668109 0.13488728927762
0.132692548107464 0.130960748287235
0.125904211042709 0.125999004109062
0.103885259129156 0.0974215538639387
0.116509802566745 0.110912022938316
0.117553120426987 0.125222020266761
0.104210726532517 0.101344779104471
0.132499466954235 0.140802034955354
0.128305762437301 0.130443899454959
0.127112934368334 0.128224467074907
0.107210117695604 0.140602588414562
0.150264771571583 0.14096842972185
0.109139703890302 0.112605987753244
0.09689984003051 0.0982001989074539
0.119400582900642 0.121849225199381
0.0918185291470835 0.0939976059729032
0.109532150395764 0.108054977583805
0.138844779942857 0.13686089643166
0.135462390690641 0.14038758325832
0.120711103020399 0.123254827533091
0.1258522828814 0.123276967176364
0.131599055928114 0.137511932824179
0.122139426987943 0.130565372005965
0.124626857921366 0.120197089605191
0.112428806443291 0.104494813021411
0.124205819265383 0.126776322729636
0.111162614289778 0.109382394936381
0.114984564867865 0.117706373094167
0.11712184700865 0.119506365937848
0.117160662385878 0.138312075586525
0.124317561194504 0.123777564627835
0.123358685292489 0.125936043177011
0.137931681074188 0.136112383675319
0.131097379735399 0.134110902064795
0.123259054682803 0.125570487944077
0.120840316143981 0.135352453352645
0.131883768137826 0.12272891293002
0.131852508749498 0.130358742699781
0.148727835056705 0.124720374270402
0.132477274580186 0.112724730928115
0.114037605397548 0.111442362692275
0.122953213227697 0.119471719565652
0.0990869402756803 0.0900116820645934
0.140124651412044 0.12888900148805
0.109409669207765 0.110988071487071
0.12101726651862 0.120761674909711
0.1364196085963 0.135843404423051
0.127450014695749 0.113481295024316
0.143897283445139 0.132345312257285
0.13438742816078 0.138208359689565
0.144334687300066 0.140248175892986
0.122713696847693 0.114953924164358
0.128991451659383 0.120187443628783
0.118381444897336 0.106352422816327
0.148947224194849 0.12555035923689
0.124833631100846 0.120106344960849
0.126314467205892 0.122648639993805
0.134571796327222 0.113975701960606
0.135185168814177 0.129026785035933
0.130014302241724 0.128944643645654
0.132156773672628 0.134287627313394
0.115559842077226 0.1148280886651
0.118917740810239 0.108677250603182
0.136595237164117 0.119053508249322
0.116375234109121 0.0994538552753913
0.135684399398596 0.11551431218508
0.122490670041986 0.112172927807589
0.116698139040299 0.119732393221947
0.119567740654456 0.110852017087557
0.104452881446918 0.0961355065967176
0.124923303696432 0.113174239458618
0.116580704744345 0.111473109753541
0.157117579248423 0.128986181603159
0.117815779257319 0.108730516303469
0.133831781245911 0.117107935095908
0.111565484484561 0.104247509496197
0.131868867027251 0.126230807991468
0.13244840530126 0.123264402997643
0.128163466831059 0.11736323120356
0.120218250504631 0.112785457114855
0.119148889758879 0.115479823823877
0.121560715487475 0.115042104751172
0.142049996688423 0.140887706278037
0.128215971155124 0.118041632141891
0.147931966016673 0.138354100609538
0.150841427348929 0.138357199781929
0.122602174068318 0.106715490953895
0.116853438540398 0.106648403218957
0.105424411698173 0.102201864765423
0.117596400496138 0.112265210846569
0.126522150233502 0.107161277050356
0.174664105494832 0.163880880837289
0.146486502478948 0.138088983555535
0.156087496952417 0.142735104715782
0.121591729808863 0.109583012399448
0.156599529766532 0.137335172969758
0.142790831155823 0.132770747466979
0.122159039027762 0.125905270371374
0.134691697164367 0.12888216355844
0.111813701104159 0.103818947506131
0.138707015382086 0.142153418460938
0.124372941259803 0.120134858394462
0.102748300913051 0.0886176174441079
0.118642092911515 0.102797700130906
0.124753817525987 0.123137849156732
0.118435422923341 0.106925884514108
0.138789597300714 0.130718539055954
0.126067985986306 0.120332220678893
0.119518581835265 0.117334214955674
0.136340304596698 0.118919730185932
0.153928950556716 0.154622136365973
0.128186668083252 0.134470947887426
0.124185412655675 0.109620432597938
0.122809161314115 0.113540357944793
0.123425793100837 0.114931303089312
0.152161202165608 0.135413621171101
0.121797419875631 0.129110452788151
0.124090865810575 0.114090196275381
0.124420877155394 0.108274411418801
0.129752724283412 0.127502939352001
0.127599063539788 0.12292732233772
0.088117453717467 0.12293047395765
0.0892393056498243 0.109986363412406
0.0828648116049148 0.114135857078272
0.0698806370419418 0.0850923610221576
0.0776037551882358 0.0939016680014791
0.0825182741012812 0.113955273904339
0.0746925145212726 0.0956923394593989
0.0843793906198698 0.114421952361246
0.0817567904511545 0.0999665106018558
0.093478565136465 0.133223383722743
0.0720657560955607 0.0958197919448148
0.0929176994576267 0.11663850552288
0.0889279142276932 0.106542388001233
0.0692392282590277 0.0894103009803759
0.0914238499564656 0.114963996624697
0.0902388357297733 0.141865020683499
0.0843082773492048 0.113909500476805
0.0696265526561822 0.0971512458233036
0.0790871389862217 0.106848726943998
0.0881483040335778 0.120743301318422
0.0876855737510731 0.117897642488463
0.0894310526604514 0.132473089706042
0.0721297275568564 0.0948467108028022
0.0833546319633536 0.111350596215406
0.0721252799090062 0.110270899190772
0.0765214218188211 0.101476899159521
0.0748127787196949 0.097969898347645
0.0855418773778223 0.111117962442126
0.0834810421697394 0.110787413516331
0.083864572699386 0.113607212658605
0.094688985485347 0.122718537185514
0.094096741648625 0.125045092436585
0.0844702544030435 0.112657634733732
0.0802848830069684 0.11349011344466
0.0870197497281659 0.118564609845025
0.0794212039657641 0.11191201782218
0.0791287684263067 0.102670304343674
0.0709940781648083 0.0918580015242044
0.0738194121566422 0.100371172601626
0.090580549796383 0.112602290153035
0.0787257262240948 0.104409524577706
0.0877644956095342 0.113909588661456
0.0849213316141596 0.116836433356033
0.0894209598946612 0.112966321072798
0.0831031478315671 0.106367411873015
0.0855176480614456 0.104848738044264
0.0750140733429331 0.0966022529418571
0.0951354755234294 0.131532909401617
0.086692240247519 0.11702087594621
0.0888005890468963 0.116120639350193
0.0669340203793901 0.095572925812143
0.0716213514151355 0.107501741477336
0.0947070597856681 0.118132189885457
0.0781171393782059 0.103427783521322
0.0870981409711316 0.112858126865409
0.0756973424307428 0.0998609227329598
0.10744756853937 0.149823184217806
0.0816436663390363 0.114732813141429
0.0819857745839443 0.115172570068631
0.0777260002993211 0.106859081068565
0.0858226500862769 0.110776104750786
0.0836664958379817 0.112554966229007
0.0787202376167103 0.100834931327109
0.0822497628392592 0.101224014616235
0.0908370506643085 0.108382032858211
0.0922087048262378 0.112063403195066
0.0740992988929981 0.095727072489946
0.103069796028698 0.118207507845803
0.0870231253578471 0.105303620195722
0.0821698443192915 0.102697628866207
0.0858324847028792 0.104475316284988
0.0787085582565769 0.10283362940231
0.07515336909398 0.0928913632139903
0.0827220703764458 0.102130923817664
0.0828202048498732 0.0965094188094886
0.0838719859678465 0.103481024250326
0.0904323210123812 0.106724571954746
0.0882975533575631 0.109907610607734
0.0924896757932922 0.115707455315868
0.0642957031980198 0.0795434423371043
0.0814385193092894 0.0896718209015962
0.0934060731211569 0.126532941724031
0.0952523614780708 0.11700573441848
0.0876077168587802 0.100841437703711
0.0729363717988887 0.0929024574254067
0.0793118443492623 0.0971309162046483
0.0922360598455342 0.118767580586808
0.0881310532221359 0.101262639884318
0.0857149013626422 0.0968489131857977
0.0886606019168284 0.107709560836907
0.0933900885372818 0.118279542969301
0.0802474593306611 0.0879229857582607
0.0918037951892779 0.123575528850646
0.0856500497476862 0.104299185873936
0.111785943493257 0.129534676165364
0.0976565509496605 0.120334703005731
0.0969840110157786 0.113528273011904
0.0716762037643305 0.0948868434393348
0.0948258503411267 0.105265747707352
0.0785352580787957 0.0838865648579711
0.0981242365630846 0.121253026211882
0.0913348781176861 0.103433310855548
0.0795280424809177 0.0869199792810186
0.0891579213840603 0.117991361125406
0.0937095838854323 0.117201895175654
0.108071244474388 0.123606009122571
0.0836259302220037 0.117449158655483
0.115400560451638 0.147743442587553
0.0879873299751852 0.105111945439158
0.0984349562139224 0.101862233990868
0.079732019810953 0.0943555061329666
0.0920075315299422 0.105521958239164
0.0811661002624466 0.100655926398827
0.0772878146570777 0.0956436784451845
0.0851355417561021 0.0967622614158399
0.0862696052476808 0.10399023257348
0.0775028937439326 0.0924222240746825
0.0871924845851211 0.100460887238255
0.085351253535712 0.0981633610970793
0.102875706256985 0.125500067642774
0.0807368687413156 0.0938166485929572
0.0875581032374523 0.112660389614944
0.0804714536070051 0.098911568356451
0.0829474816725993 0.0973828429389468
0.0893026796376011 0.109231912330737
0.0771351069272536 0.0913305703221836
0.0886310917344879 0.108102163448982
0.0752118762662202 0.100454528122959
0.0848443731366658 0.10136934166678
0.0901307733763865 0.113893283987805
0.0884998795401572 0.102648685956404
0.0824489882005722 0.104279580829035
0.0975360860028126 0.11504957806886
0.0868560472475103 0.111066717632621
0.0809063825338929 0.0985955502736123
0.0821436855976308 0.101351423187068
0.0887383163017348 0.10737512039388
0.0791613275713637 0.0854345369843566
0.0881919303178749 0.110884219581188
0.0854247313651633 0.100300770037235
0.0948044511533451 0.110746536792867
0.0789272428766899 0.0954053464737805
0.0938723519602282 0.113317199557085
0.0789712152943466 0.0917509197755512
0.0993911846708005 0.119576233892865
0.0890306509014638 0.111082232886335
0.0847627001180415 0.108007247051747
0.089093875924893 0.113656807456658
0.0834726439764591 0.106760423635995
0.0952558708451062 0.112317791982991
0.0885475584374558 0.104491323112598
0.0826381037933773 0.0949480995059872
0.0835216043033732 0.0844957429210187
0.0811365212837388 0.0990148565242803
0.0921350939965003 0.103088985279148
0.0850428516103108 0.0915920922964412
0.0962242896807794 0.112555039553609
0.0921771273991967 0.111953428926613
0.0857780028169822 0.110596589923478
0.0871161246431538 0.0988124518237513
0.0926546520825857 0.111513645726261
0.109763426138545 0.132438689744563
0.0853066324345553 0.112165393667321
0.102180886003927 0.12133533269514
0.0763588273072986 0.0800066935143601
0.0893289264339841 0.116127720801682
0.0797826645878781 0.0875045939194049
0.0755091776003063 0.0869964833305027
0.0885399613330283 0.101474318713094
0.0820057462267353 0.104310003736643
0.0867752764134817 0.107134189925516
0.0857822953068995 0.103929712264132
0.0939795706834245 0.120821853467003
0.105281255367723 0.139606925392525
0.0888344449968571 0.10984256499451
0.0939203170917592 0.103925895006533
0.105454650806741 0.125733293686488
0.0756157260195403 0.095001136090938
0.0829197032636418 0.106127866896407
0.0887741570956909 0.111433308712231
0.0897949083994236 0.106242411587857
0.0976166155263697 0.120350019474036
0.0865051932461678 0.10176630440691
0.0507782944052302 0.0623436956227876
