1 0.0991728368169303 0.103875925339091
0 0.0991728368169303 0.103875925339091
1 0.118588330039846 0.126459935897727
1 0.109305428913472 0.122120926007693
1 0.108524370318566 0.129635683641655
1 0.105552202247002 0.115644432862704
1 0.11906279361898 0.11492954761036
1 0.118425665807263 0.136083222831724
1 0.138077919695955 0.14171532872098
1 0.12345188437863 0.154384556246414
1 0.119145087283691 0.130429720556493
1 0.121842105496301 0.135279707683514
1 0.0953376519789827 0.0979470869861286
1 0.132577698320409 0.147391475578711
1 0.0977948917900796 0.104603698035373
1 0.114859323607941 0.140424155175039
1 0.0986793582134116 0.12059440942184
1 0.0876424717334576 0.0895569287783148
1 0.103772288722984 0.108528982107373
1 0.119215575951523 0.132836209456451
1 0.110627928855609 0.121731793613949
1 0.104548961313222 0.120955104389247
1 0.11257347870823 0.126886177700746
1 0.0974666252394934 0.112671927445707
1 0.094318234229678 0.0985810633856442
1 0.0888907281164247 0.0915226174537508
1 0.097252190333856 0.103654252740759
1 0.116905285727204 0.13219374900237
1 0.103845537215976 0.121893579038181
1 0.13561128406549 0.149949783417659
1 0.113934472029965 0.131233735568766
1 0.107524974795307 0.111933372475438
1 0.120125831585478 0.151752107505781
1 0.11867403504498 0.138113967480219
1 0.108614234245631 0.118302065268841
1 0.096036319341933 0.096258501814867
1 0.129334493048408 0.152030418214314
1 0.120071279700284 0.130877202309558
1 0.0944702844781074 0.10513418217261
1 0.088624169484368 0.101978523277001
1 0.132906015349228 0.150633392268196
1 0.109529066122612 0.130622259557916
1 0.135942440380783 0.165977046500573
1 0.0979979708754045 0.102592762910542
1 0.133001791899025 0.147288397416583
1 0.119806611985482 0.139002389687657
1 0.12209892896635 0.141042004851278
1 0.115197785955959 0.130439737391679
1 0.130873875851881 0.138122793493246
1 0.120599477397473 0.128760387517221
1 0.135393630156022 0.137476140350715
1 0.123969619368851 0.136774229526091
1 0.126508815575208 0.143610093522149
1 0.111024694827481 0.127449356729524
1 0.101972509507049 0.115243704394992
1 0.102492949593646 0.117392041103336
1 0.110833060377306 0.13406501922741
1 0.104560662629718 0.124394230975039
1 0.130126344218462 0.142746075593123
1 0.111961029196974 0.126959330912132
1 0.117564077835002 0.141678825015043
1 0.11921544013437 0.14200982134067
1 0.120423210850786 0.146315146206351
1 0.103477619842995 0.108254541669336
1 0.119852725453829 0.144362997659429
1 0.0986586735046865 0.103284504043609
1 0.114789703716649 0.14699877551081
1 0.105774204140187 0.121852234521052
1 0.114289493841951 0.117541795210074
1 0.114757568419864 0.116303342894937
1 0.11519450442902 0.132520402871913
1 0.112618550120164 0.115432276782575
1 0.107972668957177 0.123115832120473
1 0.114639066436051 0.129753967701716
1 0.129985844205903 0.143197001422318
1 0.108000189339264 0.118220685849076
1 0.119824574444066 0.135593503552329
1 0.103334458846261 0.116505569278226
1 0.119902880363267 0.132280538136187
1 0.113799764018116 0.128710775233825
1 0.103995725347096 0.116649700140369
1 0.111678045537867 0.108126531341822
1 0.111903363140199 0.11687916027283
1 0.137634053014626 0.157205888429493
1 0.121101277426588 0.142552319705211
1 0.113654952323959 0.126046987366046
1 0.104143496441152 0.106406726232969
1 0.13395270569445 0.162457159848859
1 0.09728465669014 0.114370079791056
1 0.119199022665961 0.131979864508138
1 0.103322231693812 0.118628983386574
1 0.113697337356125 0.135176319306316
1 0.111338757334635 0.113272668728693
1 0.108274376905733 0.131153155245088
1 0.127310905955962 0.141239814565985
1 0.110242550324063 0.121753134140677
1 0.119017914706211 0.135376958158413
1 0.0995323930721184 0.112947047148929
1 0.111956828190906 0.116739865507365
1 0.0960804309389192 0.107283854766699
1 0.100583117895385 0.101956629658296
1 0.130776505933983 0.137087115469319
1 0.117758701258062 0.124943343863277
1 0.109574276925817 0.113824428026731
1 0.116815109959579 0.145298061615673
1 0.118614302488469 0.129796945953004
1 0.126478665657803 0.13982347923276
1 0.107614903761781 0.115418854031999
1 0.107958357812646 0.125637363891055
1 0.132516664722556 0.139060752858817
1 0.112877825266629 0.132254561570096
1 0.10187467212237 0.126489755763977
1 0.090698693671985 0.105523840776257
1 0.113223529537436 0.127008963521091
1 0.139052395883843 0.167701535138166
1 0.113353276215903 0.131510594871087
1 0.103475101417575 0.117866363439634
1 0.117863951041922 0.128162559924369
0 0.125436492094583 0.125442101245946
0 0.108037753651163 0.103466896464647
0 0.127741036738726 0.12026942226428
0 0.118989726559895 0.126137501844697
0 0.112605922276339 0.118893200718536
0 0.0981929933786311 0.114623545672768
0 0.119150744536486 0.125301856193914
0 0.138434770297133 0.146894407392414
0 0.100445118410745 0.112987878428523
0 0.116297325719467 0.117933286239361
0 0.103867692990721 0.0954060256160124
0 0.122908933180797 0.135555791837012
0 0.110347973429337 0.102088857960007
0 0.110018279044637 0.117794123094559
0 0.11964264427592 0.120998080676672
0 0.109359470636687 0.102102111620423
0 0.109025650862547 0.10788915422608
0 0.120555743389232 0.138495639286339
0 0.112839924814179 0.131503085544276
0 0.104265151683242 0.120129619702056
0 0.0912502349598879 0.0830124689237662
0 0.140319179747027 0.145069077518256
0 0.101509832100671 0.102051054814242
0 0.103682317816512 0.0994363628251807
0 0.102409993799127 0.0994854894125191
0 0.128799300635626 0.12978991300667
0 0.111490452244142 0.108948221820123
0 0.096285235785718 0.122164340105844
0 0.109244917493369 0.112300840991096
0 0.0959880613085075 0.101043848206941
0 0.117209237774303 0.118484539859073
0 0.104354172025633 0.119611558804295
0 0.111291498919653 0.113992526067767
0 0.125519974165785 0.149958343772385
0 0.116917405597163 0.113961522687573
0 0.117830803219693 0.119194130031795
0 0.120553650107135 0.138180870026041
0 0.116103324310823 0.126576999903159
0 0.102550173846053 0.0982331454026733
0 0.0993066586809516 0.105550054879944
0 0.113278525840573 0.134388717360454
0 0.130783486746463 0.123223506065687
0 0.0955777640005883 0.124825227412098
0 0.142446136226541 0.149315303779162
0 0.103102809598233 0.108454209505812
0 0.119982352792471 0.12782926481112
0 0.11295303808173 0.120416057510984
0 0.108287842673203 0.11777571496875
0 0.110130264386613 0.105871005759531
0 0.121119541988986 0.123035599603565
0 0.101276405612328 0.110385747201262
0 0.0951939292301139 0.0927480614242139
0 0.116759215435067 0.152271879665865
0 0.125347266112535 0.13567688425379
0 0.109768588867268 0.112915004595344
0 0.128311632953215 0.123672638602472
0 0.12817938974528 0.148194598518628
0 0.11680790762614 0.135035883607535
0 0.116440707936961 0.112782647799802
0 0.119448584242584 0.124687162877811
0 0.112896915537641 0.126802946266056
0 0.114127592521738 0.127926102961743
