1 0.0951914743888037 0.113829332859324
1 0.122854687925084 0.140936685881747
1 0.123310355037434 0.162175509519746
1 0.102083732360951 0.137736208696852
1 0.112642065309718 0.144410156694167
1 0.105471812855548 0.126714506406729
1 0.111783708256339 0.135044253454385
1 0.0865191191863275 0.112875574617709
1 0.11410372761959 0.141482295174642
1 0.102537697561093 0.113353705677801
1 0.103691897372709 0.126129476770765
1 0.104951082522963 0.129343976101757
1 0.0968454737693664 0.127778918104633
1 0.138124635576217 0.167633021747547
1 0.126306702024905 0.155453430186538
1 0.102844711475452 0.134996636397513
1 0.113488641415817 0.140274952670679
1 0.106801128611543 0.129823954746482
1 0.100136105461723 0.130603732238911
1 0.113200285052729 0.146340699507947
1 0.100306281108262 0.121944554784523
1 0.133640815457097 0.160844701340834
1 0.116167198843871 0.135835943787058
1 0.106650610180507 0.134521704675675
1 0.123726727516778 0.148696997087934
1 0.113580985848648 0.140984548334221
1 0.124900335223266 0.143589857604537
1 0.115828754411309 0.138705108711397
1 0.100777692411481 0.127807605484271
1 0.10599583370338 0.134238188401454
1 0.105930534361209 0.135364888747723
1 0.123621549591673 0.144375638994615
1 0.114244175304234 0.141450207645165
1 0.101819868526603 0.132401364647214
1 0.103954197249177 0.135530773311834
1 0.100533394255381 0.132078591627691
1 0.126820203590138 0.157754842162214
1 0.112138082983597 0.130170099763416
1 0.0969480404042867 0.125107616857574
1 0.113878772775942 0.153873600815245
1 0.0974769082526314 0.123626107342025
1 0.116638985171365 0.139462328221348
1 0.127989783571511 0.156994471433579
1 0.0949972638986441 0.116069546295729
1 0.112916720162368 0.13996264819409
1 0.108238326900422 0.129961115927126
1 0.0824791235934868 0.108135659748945
1 0.115936887812653 0.137292346240106
1 0.0970508400884282 0.121257654320463
1 0.110577122216686 0.125166371616123
1 0.139466723652459 0.166108970723992
1 0.119098040381197 0.148058115272546
1 0.110856945895569 0.130929416913152
1 0.12076593822915 0.144381850887391
1 0.0976231451962974 0.116490979406917
1 0.102987685873473 0.130070737260768
1 0.114433651458834 0.140017018807044
1 0.121628188558317 0.158615719774944
1 0.120242026857368 0.152539253134591
1 0.098807811502121 0.126051715577487
1 0.110135671695348 0.146100318363233
1 0.0934974185318513 0.112370907714984
1 0.118377054214481 0.153212217130175
1 0.109590787061738 0.139445284859127
1 0.118233036260405 0.151300160165072
1 0.114761522680312 0.148333432082598
1 0.131461326851882 0.153154706243215
1 0.113906544111535 0.143059999045616
1 0.105071592519641 0.130224104321654
1 0.145063667629293 0.185334468011973
1 0.113163789330791 0.143256452515028
1 0.124088768874495 0.154204233472244
1 0.132062021597124 0.150330527616372
1 0.1130258419013 0.140162284106842
1 0.124623081827929 0.156091674176985
1 0.0994648492313348 0.107825809470415
1 0.124656553164037 0.15113360914554
1 0.115345625818634 0.14361864583119
1 0.108026473074362 0.134872854925214
1 0.101667082569182 0.122835526337606
1 0.113822873000487 0.147417013817041
1 0.114075485709304 0.145698664633882
1 0.0938601386536666 0.121473836303095
1 0.0929453411257557 0.113671134022516
1 0.126306702024905 0.155453430186538
1 0.126840207467521 0.15452463712222
1 0.108640636360084 0.132234676633313
1 0.13939922159054 0.166376357687957
1 0.117440257148838 0.142066439785233
1 0.100335049369922 0.120997669299036
1 0.102333828570749 0.134764643331054
1 0.11506991684698 0.14241841879361
1 0.103895927795463 0.130797248310835
1 0.116906395895044 0.14430849966278
0 0.114044882024573 0.122957122170343
0 0.0934742831597047 0.117909195210631
0 0.123608310248403 0.14667119443823
0 0.104260295197033 0.122900138771972
0 0.105588418649331 0.122400161551631
0 0.0973666514449509 0.121594972910754
0 0.107854611188545 0.124565876416472
0 0.129188008151323 0.136496841349275
0 0.130770022533604 0.13757149401479
0 0.150076761912717 0.136756754776516
0 0.152532638044773 0.140437426255117
0 0.132974916205955 0.1447832000746
0 0.131639393706969 0.134761040124666
0 0.129448363109171 0.144041425917039
0 0.111623056542028 0.110590245297991
0 0.112218856096721 0.122585554387397
0 0.121223959801286 0.12427573571026
0 0.142493376861626 0.116078940709555
0 0.113813029649906 0.123424229823358
0 0.138415221539275 0.124461949553339
0 0.12131151145871 0.137384863237874
0 0.142608519764107 0.12671547992998
0 0.103710436384567 0.120834772408049
0 0.111478535127895 0.120509093563303
0 0.149567997426346 0.139133217958481
0 0.0932369693751351 0.110166662257163
0 0.129167156966258 0.120809274343059
0 0.13680004775744 0.11737519516898
0 0.139733685778308 0.117572398043728
0 0.114786811530645 0.123889328538622
0 0.11050483282264 0.0889123878368043
0 0.132514247051839 0.123014578731444
0 0.139288764840145 0.137062607668978
0 0.130994329879952 0.136560546813878
0 0.137275615035234 0.135915088331564
0 0.112927400121954 0.12365046627021
0 0.151949400062413 0.142620872859334
0 0.127982506583523 0.130336183572054
0 0.123487042543815 0.111016944577822
0 0.103678563663522 0.131068790413012
0 0.116678964951912 0.118692351614755
0 0.127749116508727 0.147328146979369
0 0.180870954046925 0.125574000788369
0 0.104586400125088 0.124547814001736
0 0.138036156948682 0.123778863272135
0 0.136593265321816 0.135232905260647
0 0.141056657053605 0.136994992899329
0 0.157668970932335 0.124141768453553
0 0.120283090292669 0.121133040753104
0 0.119841059135636 0.143714033152675
0 0.0870112050310549 0.0976482080176658
0 0.141155929508586 0.116186099562201
0 0.119913019216849 0.12054756319842
0 0.18899617940132 0.138548184397653
0 0.129681621185721 0.171737940602195
0 0.149452152692155 0.11789059769695
0 0.172065342574337 0.12455905079045
0 0.121708437942646 0.11473298330225
0 0.13031869400229 0.145934484863954
0 0.131399317565295 0.127966803226653
0 0.110919669041202 0.127792933173505
0 0.130269611696965 0.13486701250396
0 0.121999656139846 0.130316571632646
0 0.115514191110583 0.135361357444926
0 0.143521695366903 0.136242852554683
0 0.133115613065677 0.132106333824655
0 0.172719582732059 0.150047726709104
0 0.111257396661844 0.133338077360001
0 0.114243245567896 0.129459927620854
0 0.113514847028381 0.132990286846499
0 0.138042157121883 0.12386010564699
0 0.11092583073512 0.126886044298848
0 0.139356818571323 0.128554665820933
0 0.151339951803033 0.115201137005773
0 0.125769774733191 0.133799224453027
0 0.140039986871484 0.130464577134873
0 0.12830696722852 0.13110846374521
0 0.0983692106007382 0.0920622671905756
0 0.12231605508782 0.136729985385074
0 0.117894541733503 0.117570783153266
0 0.122976598357607 0.120930600627215
0 0.105572230128039 0.124913143404169
0 0.134052300122645 0.118578066581224
0 0.108745963911128 0.110881749322765
0 0.0792360450212804 0.0954171217225116
0 0.138919908194189 0.123445660438472
0 0.14220473298691 0.136872222175158
0 0.13488711597185 0.1311122245453
0 0.0976270619938145 0.120399939403222
0 0.112536432649049 0.119826956788192
