1 0.113499184327775 0.118805723289531
1 0.129079766460271 0.104577097104732
1 0.116582757102604 0.100368414396805
1 0.13327324077983 0.134645639980087
1 0.117460438721207 0.110484980033047
1 0.115264548417638 0.107732520686254
1 0.10722375500149 0.0960427374038236
1 0.126712338286288 0.11893126643307
1 0.132777249441904 0.127562996925989
1 0.0960414101403695 0.0856050432445285
1 0.130481055209077 0.109878807953351
1 0.121574254787057 0.110038811428176
1 0.116373000215165 0.10624008481316
1 0.108319967432865 0.104005226831693
1 0.11006579571279 0.0966588252009355
1 0.111972584630878 0.0967983634748365
1 0.125303337125278 0.102144243590136
0 0.0996729191755239 0.0956304135671416
0 0.12920481537662 0.0964093583327155
0 0.121469694915584 0.099685340234503
0 0.115149197883073 0.101054744311338
0 0.117130568973077 0.100771398881802
0 0.137298790380637 0.103189389303845
0 0.10543946745689 0.0838797963589561
0 0.104804386527866 0.0808260016726368
0 0.121969044824439 0.0965598003022411
0 0.113476110628762 0.0901648041222783
0 0.114872414421056 0.101055436147439
0 0.126485922874473 0.104211886030099
0 0.109100164397616 0.094026979970696
0 0.121482079235789 0.0973223530770074
0 0.123551273481085 0.0982461025335872
0 0.124825732735584 0.115760228314845
0 0.0984020145146689 0.0799161145226294
0 0.108431713623297 0.0866665183579172
0 0.105769561097335 0.0909859993936041
0 0.107882689781344 0.0903368414582227
0 0.119402259804328 0.0995242321980359
0 0.117663560120583 0.0972107178030361
0 0.130241994448832 0.111558776769945
0 0.121147390086316 0.108487915782199
0 0.11649945327992 0.0900621724462051
0 0.113953263112464 0.0896254490595151
0 0.120291465551089 0.113941594544406
0 0.127126946879112 0.0993106540010599
0 0.117845075678495 0.107724994391151
0 0.125722418089005 0.108724087098904
0 0.111811460060351 0.0921745890035627
0 0.132520474765576 0.116431425631621
0 0.125569313788809 0.11074957079302
0 0.117130568973077 0.100771398881802
0 0.115334041513887 0.0968037119366485
0 0.104272878257891 0.0880519440001277
0 0.106705473666253 0.0876213971770998
0 0.113567062386947 0.0849922681111057
0 0.114203399843511 0.0971615242450234
0 0.119402259804328 0.0995242321980359
0 0.106171936314153 0.0899736576911115
0 0.134497083589287 0.1143395185937
0 0.12357382472108 0.111775357342596
0 0.124199184478278 0.105044437816788
0 0.143656930289939 0.127153087234531
0 0.0964749423197364 0.0799886557909198
0 0.124606040484324 0.108058470653967
0 0.101790741481166 0.092278240180162
0 0.116039190721418 0.0933946461995807
0 0.110329177938683 0.0926539463039971
0 0.124607879159079 0.105548118500017
0 0.122170606819174 0.0939564437632184
