1 0.102066856021654 0.0808676921375095
1 0.0986112542167713 0.0723178639690285
1 0.093149268895475 0.0734470374077266
1 0.11565651344511 0.069178216153746
1 0.0937666197556447 0.0703542450292416
1 0.105045134736258 0.0703894510494375
1 0.125949436931125 0.0801136755523407
1 0.11130448959664 0.0846002616244107
1 0.115225508483756 0.0759143180877494
1 0.100458967588248 0.0649895617432696
1 0.112601404002961 0.0759693557527189
1 0.116423329731687 0.0806212097179246
1 0.118904298862756 0.0792762721768882
1 0.107451096892549 0.0753468703033172
1 0.104731721951955 0.0740596270963307
1 0.104830300891875 0.0791009428905733
1 0.118890752955473 0.0831703686893914
1 0.119962346270105 0.0795846853483374
1 0.125305042808376 0.0813361532877703
1 0.104798430787232 0.0676178302083689
1 0.117432467054551 0.0782831967585619
1 0.11853345207461 0.0745152083596411
1 0.114048621449971 0.0801956515269519
1 0.117846664510901 0.075226809152555
1 0.109549936506868 0.0786844691578885
1 0.107988349467346 0.0780288152354508
1 0.099418704387065 0.0695027301218074
1 0.110956625008487 0.0747155587909983
1 0.125922564378472 0.0848043795811603
1 0.102503707354141 0.0676909284225797
1 0.0931814686577981 0.060696204663988
1 0.123889809000583 0.0887151267432485
1 0.113765731412842 0.0762189361752251
1 0.109887480421511 0.0745278975494965
1 0.1150088545363 0.0708860717232787
1 0.111729001815918 0.0775205107426218
1 0.106456762789666 0.0768004265956703
1 0.119965171363874 0.0713649680019016
0 0.103038742683116 0.0745184105473297
0 0.13437921772319 0.0869794162945731
0 0.149601289904479 0.0825226321828582
0 0.113577134063697 0.0698964115842074
0 0.126055874872342 0.0869319910630215
0 0.118249940855996 0.0821157457983929
0 0.106407714651708 0.0738663084241655
0 0.0984468269648127 0.068504847420366
0 0.095842790301552 0.0656846969845903
0 0.106691485676381 0.0689323042626729
0 0.108077095396103 0.0800525963026146
0 0.141943606966968 0.0861588865223882
0 0.116172199449225 0.0670299204875291
0 0.127554499560785 0.0795915683331852
0 0.0957538721988258 0.0640767129750603
0 0.126822075876348 0.0787826345475069
0 0.11062896787075 0.0757100020821518
0 0.123848210735993 0.0768748051774161
0 0.128778688727273 0.0817444074158317
0 0.102011299066616 0.0675698729573388
0 0.112676846126282 0.0709391660487913
0 0.119040236986717 0.0815654546669439
0 0.113760450724246 0.0825905153488271
0 0.143654647743888 0.0784484444569302
0 0.122173763165233 0.0791818000289885
0 0.106777308786075 0.0668709234799552
0 0.121748375960137 0.0651925852834168
0 0.117345841282205 0.0722104418080415
0 0.101825297092367 0.0830426652067218
0 0.134410198647975 0.0904803398046865
0 0.117382256850743 0.0690723451093665
0 0.0998360681674261 0.0768347414910308
0 0.114793526917666 0.0689508934392158
0 0.128581988551825 0.0846037256448287
0 0.113059232799504 0.0690666948010248
0 0.115622564731264 0.0769375953648053
0 0.117303814973178 0.0755681202431904
0 0.109687162467226 0.0672445505203381
0 0.129174151938048 0.0828436924234438
0 0.117333192072832 0.0714500668366695
0 0.1367806208158 0.082489358004802
0 0.12649356680501 0.0727108805086385
0 0.111789457197909 0.067504938801639
0 0.106330860526948 0.0691078263148633
0 0.117547748978675 0.0749476410712927
0 0.113361562602449 0.0713330178037555
0 0.118428274862474 0.0812360996326026
0 0.113409642703043 0.0731754864778991
0 0.126540822213993 0.0842839219525768
0 0.103953579749588 0.0762528892477865
0 0.1366266290468 0.0803284282894279
0 0.114170772927771 0.0742364544497602
0 0.127187510394832 0.0859507046716097
0 0.14596709807924 0.0789652512546133
0 0.119850744515509 0.07462460983877
0 0.0951492145670324 0.0698212001934615
0 0.110037678045241 0.0834632683638048
0 0.122233169244042 0.0797265956336655
0 0.0914745293964793 0.0648622244054404
0 0.116540670309656 0.0776015068202878
0 0.120733269581212 0.0703180998696166
0 0.125971070681904 0.0898720717188631
0 0.0978026379651195 0.0645704840374061
0 0.113034561493347 0.0741087130218347
0 0.106008182611039 0.0772123095934011
0 0.134225771752156 0.0882948619576537
0 0.102356347175179 0.0716539929725065
0 0.116701144153455 0.0782414601857721
0 0.119071430622546 0.0805763625450441
0 0.112284157764449 0.0828505736348605
0 0.118023984831839 0.0816545362795458
0 0.102862368788923 0.0712653141238632
0 0.106581711242846 0.0717280292072862
0 0.141861037913757 0.0777504123029333
0 0.10958582402869 0.0719788892597076
0 0.129262044610766 0.0740546160593507
0 0.105931908700545 0.0766577916481879
0 0.118420851200056 0.0745088976112734
0 0.115969256388012 0.0938975268710713
0 0.117681914450026 0.0766395616086897
