1 0.0594893783368215 0.114448053375701
0 0.0594893783368215 0.114448053375701
1 0.0672991534701234 0.12497266146516
1 0.0680764681494203 0.117242497391155
1 0.0552488331929572 0.104617906161786
1 0.0618538567935715 0.10230654024881
1 0.0720260581912788 0.118556787317996
1 0.0641585899975165 0.109087244973159
1 0.0734985433101039 0.117311416441936
1 0.058934402355976 0.108057072011143
1 0.0675943047135094 0.103463847808689
1 0.0624353671931153 0.100394270350667
1 0.0544791822827854 0.0950769898572138
1 0.0721994185069358 0.115029415254474
1 0.0800846033396586 0.12460929898564
1 0.070280529070918 0.113484103968941
1 0.0577183410028852 0.107957853380367
1 0.0693845165570826 0.123950971141397
1 0.0570269638903255 0.0967118814412853
1 0.0565166531050461 0.12098171369657
1 0.0747446799893567 0.119173947007298
1 0.0652924285616492 0.111848483096031
1 0.0601632011051955 0.0998710975728258
1 0.0722374941143232 0.110944450617653
1 0.068692485853146 0.113512367847378
1 0.069442877923767 0.113706915501631
1 0.067193810186309 0.11545254796166
1 0.0779018560773764 0.116301755044386
1 0.0645778243032445 0.111977246652903
1 0.0645510571240756 0.10732180895628
1 0.0544491286426382 0.099135473027175
1 0.0581270896670704 0.102678486864315
1 0.058748091472992 0.114463277333496
1 0.0665274306340835 0.11316474204332
1 0.0685992396973014 0.110549925689573
1 0.0584696176552441 0.0988195695629717
1 0.0787164404274315 0.115916135954625
1 0.0580746685615912 0.104494563648801
1 0.0589796961353031 0.108852391948476
1 0.064916678910309 0.112619889882627
1 0.0711336477457677 0.113944551204686
1 0.0457436848701456 0.0916290232297447
1 0.0683021370993304 0.106304011909877
1 0.0681043570572368 0.110434099146166
1 0.0675367252054005 0.103237546898125
1 0.0509628390147117 0.0891816450315371
1 0.0530207368171942 0.0987523508816153
1 0.0643033523705997 0.11388141648929
1 0.0734946817922543 0.123335750209522
0 0.0674953452632413 0.096832352555968
0 0.058171128132224 0.0933054540395577
0 0.0746361729984819 0.109194157948322
0 0.0575297764749206 0.0963563035767424
0 0.066468710187999 0.102572380587535
0 0.0602266515399786 0.101671840168301
0 0.0681438812957745 0.114689459274907
0 0.0634678023826106 0.109086991508357
0 0.0575870950448859 0.0963923028945192
0 0.0643022707006849 0.0979275138452185
0 0.0633514245799516 0.109057056624831
0 0.0551137339474513 0.0991363364475639
0 0.0696350313615015 0.121091296552857
0 0.0525760471654462 0.0737151341307607
0 0.059842647368049 0.102229635107649
0 0.0657110835351745 0.102282339148902
0 0.059439872803664 0.0930852203996998
0 0.0612617685846635 0.105020449465995
0 0.0506905751126309 0.0903033470905509
0 0.0585306992226431 0.104964924777832
