1 0.132156216969501 0.0882865483028526
1 0.138552973808942 0.0840892764689332
1 0.13123344406063 0.0765520448416687
1 0.148558530839992 0.0834027690913436
1 0.139991881192514 0.0851716294336848
1 0.120649055704946 0.0818680517642528
1 0.194384629826675 0.113325090804165
1 0.15881697102047 0.0934466514897856
1 0.137562394011785 0.0833501748962138
1 0.139826791856287 0.081961401268765
1 0.13046403069423 0.0885427105979084
1 0.147471737523164 0.0882401373212572
1 0.13275909232997 0.0732790525585842
1 0.118942098459622 0.0720660981425199
1 0.13279307598089 0.0794749240450101
1 0.134880512313382 0.0774645607999826
1 0.144947704286733 0.0729766006767055
1 0.155400520926312 0.101684904067955
1 0.153565227637194 0.0870366641817608
1 0.145294762859336 0.074849300828935
1 0.148942450643584 0.0851241172353929
1 0.156712662073534 0.095966218927832
1 0.179353075952474 0.10660738826628
1 0.133638501578698 0.081519486566735
1 0.129444379182199 0.0750452463753544
1 0.144742450283064 0.078893929284873
1 0.130185013357484 0.071332975874037
1 0.138773888352359 0.077468849390579
1 0.123372667250687 0.0769955045897343
1 0.161461358039309 0.0920596897809573
1 0.137271231788834 0.0742955037315838
1 0.13059532117143 0.0764393786589563
1 0.140143114813063 0.0850807215710373
1 0.151283819394233 0.0910189194285198
1 0.150598886807292 0.0874476396210805
1 0.129465349995655 0.0772475802794205
1 0.143391226913682 0.087481106813917
1 0.140463861722213 0.0846541453424379
1 0.137281930814634 0.0858509341027441
1 0.148105280170653 0.0885822998545886
1 0.13554578878712 0.0773743169989282
1 0.148757804835539 0.0895207189741042
1 0.130605837852749 0.074016033062724
1 0.136921760838375 0.0816557199571546
1 0.135053000222463 0.0750105244748174
1 0.139736071614475 0.0772444482456861
1 0.150807162735937 0.0911428377550674
1 0.123871860829359 0.0759486865070556
1 0.129479467391652 0.0806982389326347
1 0.161794763472599 0.0919526990838943
1 0.14481694733303 0.0858085868729257
1 0.133839241071297 0.0781208366302447
1 0.135004695770679 0.0814997921048489
1 0.152523849648732 0.0908278045767595
1 0.142042520421166 0.0865834632730091
1 0.142095605322733 0.0825402077246575
1 0.135193508983306 0.0770082311136401
1 0.13747523919552 0.0766413698498369
1 0.168935564038127 0.0883956667804624
1 0.147449672722593 0.0953977795587236
1 0.135291370115687 0.0806289260080264
1 0.145498086665052 0.0884228536563563
1 0.137214431775199 0.0733457164333778
1 0.155551116322441 0.0995062500429728
1 0.148576154606315 0.101576807298244
1 0.141212078441946 0.089236054657369
1 0.11284926753111 0.0702986674259599
1 0.149002467151187 0.0913364111268739
1 0.131460321854215 0.0788766444888718
1 0.135273873752212 0.0842657605275407
1 0.15776920098472 0.0930265821837959
1 0.16509215345236 0.0955008691148859
1 0.152998813769164 0.0893509089932507
1 0.154228738481654 0.0811653583398588
1 0.149027325929023 0.0875285780582279
1 0.13046451944439 0.0832759120352758
1 0.147412749524832 0.0857040370932384
1 0.13320072616503 0.0754552749186988
1 0.168722803219608 0.0952418766831349
1 0.129298373270493 0.0734098151290987
1 0.131003909392391 0.0777635657331186
1 0.137982767251538 0.0749572957542363
1 0.140744715327726 0.085509563019219
1 0.146051909293221 0.0821375128070407
1 0.138698036831415 0.0761596053712039
1 0.154063359502009 0.0934601997601778
1 0.127378647219498 0.0784923602276868
1 0.129739061688886 0.0758237503790548
1 0.152733617104824 0.0880243698919421
1 0.146184193022054 0.0842173395285173
1 0.131674663582333 0.0728513093740078
1 0.162599068881931 0.0933302420858663
1 0.141004485691075 0.0779740868981336
1 0.128580100497378 0.0760530854081587
1 0.145932077777168 0.0818256598895119
0 0.155713802783309 0.090286376452694
0 0.156905257335472 0.0922558762084705
0 0.146853012793965 0.0915993725933587
0 0.154527371522811 0.0986568425043255
0 0.147654570794829 0.0765908253103706
0 0.13771054819751 0.0839988974188667
0 0.158241083686944 0.0844704522628506
0 0.135692610504673 0.0722155135004344
0 0.14582131665222 0.0810738531275932
0 0.148737917541861 0.0886784487009916
0 0.159572377792609 0.0913850360552413
0 0.169159970389471 0.103659219909723
0 0.13053232273566 0.0796927591053109
0 0.110156744899629 0.0659139426249361
0 0.132486362644967 0.0735070884342914
0 0.140412858840635 0.0831376746500509
0 0.169572908591041 0.0907662196441219
0 0.152571409705397 0.0848320120685393
0 0.189958051951539 0.112936334942756
0 0.128933628009756 0.077326711043847
0 0.143322022986824 0.100614374826974
0 0.127430719056645 0.0581993319996262
0 0.120740342886302 0.0654545492917425
0 0.143802137742758 0.0794816548149751
0 0.155370841719702 0.089950368554457
0 0.123482264595868 0.0719935264423495
0 0.148602731876148 0.0866956973716216
0 0.153925106250866 0.0865347438722543
0 0.14348144632698 0.0831589024271239
0 0.141683676509065 0.0892046667273047
0 0.136513196423882 0.0704251744234082
0 0.156556722362066 0.090478551936775
0 0.141487097235902 0.0724767193688968
0 0.13545447269453 0.0713411853779786
0 0.144915034874502 0.0864650719938804
0 0.130352558536019 0.0718759307348103
0 0.15191907260954 0.0916126297922756
0 0.106599025545636 0.0515479935533796
0 0.135433209754372 0.0817814938318458
0 0.143379433225871 0.0851794017112561
0 0.147258324225487 0.0808629676235644
0 0.12351152262082 0.0649510508796194
0 0.174165856030772 0.0996075229883165
0 0.139924372516988 0.0851778174819304
0 0.144557773638572 0.0822320539287307
0 0.138913651113936 0.0791921696684935
0 0.175241033965073 0.0842852863515557
0 0.14316350915473 0.0809953077929208
0 0.136754422961997 0.0827180296563376
0 0.152061443313998 0.0847051825622723
0 0.144146482668403 0.0837186192846064
0 0.172483324398068 0.0965130705372763
0 0.146446558395691 0.0801141212585017
0 0.131596566522408 0.0785945538527355
0 0.161738737118736 0.0903488082091823
0 0.134138500021061 0.0742218464636341
0 0.152964006903277 0.0882396092965924
0 0.134647660168801 0.0871839923901532
0 0.139447035058905 0.0802555594592741
0 0.13284224385557 0.074762604367796
0 0.126954964464395 0.0710254999730844
0 0.149617444221358 0.0915882845795765
0 0.138715499653507 0.0815611466771648
0 0.15940410043681 0.0951344993172509
0 0.144312188834194 0.0692441609542632
0 0.139138636784776 0.0806210803508248
0 0.122158473572456 0.066523461778937
0 0.123378084479348 0.0666887787491955
0 0.133743914651101 0.0806339843284796
0 0.146536809456446 0.0912004497648706
0 0.156354131589871 0.0952272848038041
0 0.127913373153853 0.0721692240433434
0 0.154794843401559 0.0859730400786957
0 0.143674283115557 0.0813669897253792
0 0.12811342828585 0.07630675090567
0 0.152964006903277 0.0882396092965924
0 0.136618972569316 0.068672297629698
0 0.163314618259345 0.108781770627411
0 0.130928756242242 0.0752353308670009
0 0.131643585073004 0.0790015261656395
0 0.139178758061185 0.0780297275666911
0 0.148882417359217 0.0832019947534091
0 0.135025668018521 0.0783367969389897
0 0.136505518377803 0.0844474379159201
0 0.151814630803471 0.0879765838777362
0 0.151668071014746 0.0869087571286627
