1 0.1165669254829 0.109477278871233
1 0.128947181957463 0.11945889914247
1 0.124586106611808 0.121837100922602
1 0.115864578906683 0.116181818752657
1 0.139602426134587 0.148427329435622
1 0.102973010924255 0.104596978651878
1 0.130835927203825 0.137390217714253
1 0.134056187464475 0.132557891361765
1 0.13893703580234 0.146594974926587
1 0.118402814307195 0.110676033076256
1 0.111930045353644 0.109714918240219
1 0.124336423285802 0.131129910608284
1 0.112683280389898 0.118990864455657
1 0.0990345930804847 0.101343620974577
1 0.144406725323069 0.175138697381843
1 0.118021162963182 0.123634437646238
1 0.126403665918074 0.128919935116278
1 0.13799356389176 0.134493709317026
1 0.122881134253845 0.133717376161249
1 0.0995441421659502 0.113742606858925
1 0.114678548674709 0.120688143743362
1 0.129454537305921 0.138647044288044
1 0.140020592226199 0.135282145044405
1 0.115854019618258 0.116546359034951
1 0.103921167813652 0.104981922973134
1 0.113405447339157 0.113321761689824
1 0.135840377188818 0.151876725451341
1 0.132276956468251 0.135195046942065
1 0.109631356476655 0.118041627910636
1 0.128616355213779 0.14712161085255
1 0.127611944554 0.136481209929178
1 0.149394142714841 0.153960888919198
1 0.106460406371232 0.104742418360982
1 0.127275611924716 0.127855611292002
1 0.147233563107229 0.153804473243915
1 0.117280289028825 0.120990282035776
1 0.109889970746255 0.110187829433893
1 0.120468932568243 0.122478179424137
1 0.128616410613909 0.124913245689951
1 0.115274473058129 0.112830938496871
1 0.121644413011329 0.122394934736639
1 0.117957226091139 0.121065973001733
1 0.122357096856665 0.123177853812956
1 0.124862934458679 0.121013102167504
1 0.129648851446074 0.128985483421415
1 0.141610375548991 0.141032178909402
1 0.122809806554663 0.122317318470673
1 0.121427241785107 0.122189034982553
1 0.141877459597558 0.136656959478903
1 0.150142386274524 0.161329723312501
1 0.115639861979921 0.115289754281452
1 0.128059250985969 0.131112103054372
1 0.109250404847435 0.10985615908034
1 0.109239376387678 0.11503308398745
1 0.11354649138406 0.118467774793136
1 0.107566680647555 0.101878896926604
1 0.118007452077101 0.115314271594968
1 0.135871409517238 0.155921426835482
1 0.125995330258008 0.130293125042926
1 0.110731961522871 0.120882237089523
1 0.09689984003051 0.0982001989074539
1 0.117067350809821 0.129973391340135
1 0.123101762700811 0.119188138586205
1 0.129495430191061 0.14288316470491
1 0.122850803963648 0.121068017925541
1 0.123317760048644 0.125695168410422
1 0.131678184164718 0.132023422135445
1 0.128514864668109 0.13488728927762
1 0.132692548107464 0.130960748287235
1 0.125904211042709 0.125999004109062
1 0.103885259129156 0.0974215538639387
1 0.116509802566745 0.110912022938316
1 0.117553120426987 0.125222020266761
1 0.104210726532517 0.101344779104471
1 0.132499466954235 0.140802034955354
1 0.128305762437301 0.130443899454959
1 0.127112934368334 0.128224467074907
1 0.107210117695604 0.140602588414562
1 0.150264771571583 0.14096842972185
1 0.109139703890302 0.112605987753244
1 0.09689984003051 0.0982001989074539
1 0.119400582900642 0.121849225199381
1 0.0918185291470835 0.0939976059729032
1 0.109532150395764 0.108054977583805
1 0.138844779942857 0.13686089643166
1 0.135462390690641 0.14038758325832
1 0.120711103020399 0.123254827533091
1 0.1258522828814 0.123276967176364
1 0.131599055928114 0.137511932824179
1 0.122139426987943 0.130565372005965
1 0.124626857921366 0.120197089605191
1 0.112428806443291 0.104494813021411
1 0.124205819265383 0.126776322729636
1 0.111162614289778 0.109382394936381
1 0.114984564867865 0.117706373094167
1 0.11712184700865 0.119506365937848
1 0.117160662385878 0.138312075586525
1 0.124317561194504 0.123777564627835
1 0.123358685292489 0.125936043177011
1 0.137931681074188 0.136112383675319
1 0.131097379735399 0.134110902064795
1 0.123259054682803 0.125570487944077
1 0.120840316143981 0.135352453352645
0 0.131883768137826 0.12272891293002
0 0.131852508749498 0.130358742699781
0 0.148727835056705 0.124720374270402
0 0.132477274580186 0.112724730928115
0 0.114037605397548 0.111442362692275
0 0.122953213227697 0.119471719565652
0 0.0990869402756803 0.0900116820645934
0 0.140124651412044 0.12888900148805
0 0.109409669207765 0.110988071487071
0 0.12101726651862 0.120761674909711
0 0.1364196085963 0.135843404423051
0 0.127450014695749 0.113481295024316
0 0.143897283445139 0.132345312257285
0 0.13438742816078 0.138208359689565
0 0.144334687300066 0.140248175892986
0 0.122713696847693 0.114953924164358
0 0.128991451659383 0.120187443628783
0 0.118381444897336 0.106352422816327
0 0.148947224194849 0.12555035923689
0 0.124833631100846 0.120106344960849
0 0.126314467205892 0.122648639993805
0 0.134571796327222 0.113975701960606
0 0.135185168814177 0.129026785035933
0 0.130014302241724 0.128944643645654
0 0.132156773672628 0.134287627313394
0 0.115559842077226 0.1148280886651
0 0.118917740810239 0.108677250603182
0 0.136595237164117 0.119053508249322
0 0.116375234109121 0.0994538552753913
0 0.135684399398596 0.11551431218508
0 0.122490670041986 0.112172927807589
0 0.116698139040299 0.119732393221947
0 0.119567740654456 0.110852017087557
0 0.104452881446918 0.0961355065967176
0 0.124923303696432 0.113174239458618
0 0.116580704744345 0.111473109753541
0 0.157117579248423 0.128986181603159
0 0.117815779257319 0.108730516303469
0 0.133831781245911 0.117107935095908
0 0.111565484484561 0.104247509496197
0 0.131868867027251 0.126230807991468
0 0.13244840530126 0.123264402997643
0 0.128163466831059 0.11736323120356
0 0.120218250504631 0.112785457114855
0 0.119148889758879 0.115479823823877
0 0.121560715487475 0.115042104751172
0 0.142049996688423 0.140887706278037
0 0.128215971155124 0.118041632141891
0 0.147931966016673 0.138354100609538
0 0.150841427348929 0.138357199781929
0 0.122602174068318 0.106715490953895
0 0.116853438540398 0.106648403218957
0 0.105424411698173 0.102201864765423
0 0.117596400496138 0.112265210846569
0 0.126522150233502 0.107161277050356
0 0.174664105494832 0.163880880837289
0 0.146486502478948 0.138088983555535
0 0.156087496952417 0.142735104715782
0 0.121591729808863 0.109583012399448
0 0.156599529766532 0.137335172969758
0 0.142790831155823 0.132770747466979
0 0.122159039027762 0.125905270371374
0 0.134691697164367 0.12888216355844
0 0.111813701104159 0.103818947506131
0 0.138707015382086 0.142153418460938
0 0.124372941259803 0.120134858394462
0 0.102748300913051 0.0886176174441079
0 0.118642092911515 0.102797700130906
0 0.124753817525987 0.123137849156732
0 0.118435422923341 0.106925884514108
0 0.138789597300714 0.130718539055954
0 0.126067985986306 0.120332220678893
0 0.119518581835265 0.117334214955674
0 0.136340304596698 0.118919730185932
0 0.153928950556716 0.154622136365973
0 0.128186668083252 0.134470947887426
0 0.124185412655675 0.109620432597938
0 0.122809161314115 0.113540357944793
0 0.123425793100837 0.114931303089312
0 0.152161202165608 0.135413621171101
0 0.121797419875631 0.129110452788151
0 0.124090865810575 0.114090196275381
0 0.124420877155394 0.108274411418801
0 0.129752724283412 0.127502939352001
0 0.127599063539788 0.12292732233772
