1 2 0 1 1 3 1 2 0 8 7 1 6 2 6 3 2 0 0 0 0 0 0 18 2 4 0 0 2 0 0 0 1 0 0 0 4 0 0 0 0 0 0 0 0 
1 2 0 1 1 3 1 2 0 8 7 1 6 2 6 3 2 0 0 0 0 0 0 18 2 4 0 0 2 0 0 0 1 0 0 0 4 0 0 0 0 0 0 0 0 
1 0 1 1 4 4 2 1 0 17 8 2 10 0 1 2 0 2 1 0 1 0 0 14 1 2 0 0 0 0 0 0 1 0 0 0 0 0 0 0 0 0 0 0 0 
1 0 2 1 2 7 4 6 0 9 11 0 11 2 3 3 0 1 7 1 0 2 1 6 5 3 0 0 0 0 0 0 0 0 0 0 2 0 0 0 0 0 0 0 0 
1 3 2 1 3 3 1 2 0 10 8 2 7 4 4 4 3 0 1 0 1 2 1 18 1 4 0 0 1 0 0 0 1 0 0 0 4 0 0 0 0 0 0 0 0 
1 0 1 0 0 2 2 2 0 13 6 3 8 2 3 2 0 2 6 0 0 6 0 15 2 2 0 0 0 1 0 0 0 0 0 0 0 0 0 0 0 0 0 0 0 
1 0 0 0 0 8 1 1 0 11 10 0 10 2 3 3 0 1 6 1 0 3 1 0 1 3 0 0 0 0 1 0 0 2 0 0 0 0 0 0 0 0 0 0 0 
1 0 3 0 1 6 1 2 0 11 10 0 6 1 1 2 0 1 3 1 0 2 2 0 1 2 1 0 1 0 1 0 0 0 0 0 0 0 0 0 0 0 0 0 0 
1 0 3 0 0 4 3 4 0 9 7 1 6 2 6 3 0 2 6 1 1 1 1 1 2 0 0 0 0 0 0 0 0 0 0 0 0 0 0 0 0 0 0 0 0 
1 0 0 0 0 5 3 1 0 8 6 2 7 0 2 2 0 2 2 1 0 2 0 18 0 2 0 0 0 0 0 0 1 0 0 2 0 0 0 0 0 0 0 0 0 
1 0 3 3 2 5 5 6 1 13 10 0 10 5 4 4 0 2 6 2 0 1 3 1 1 1 0 0 2 1 2 0 0 0 0 0 0 0 0 0 0 0 0 0 0 
1 1 4 2 1 3 2 2 0 12 8 6 4 1 0 3 1 3 5 0 1 3 2 9 0 2 0 0 0 0 0 0 0 0 0 0 0 1 1 0 0 0 0 0 0 
1 0 1 1 3 5 2 2 1 19 12 0 10 0 0 3 0 1 0 1 1 0 1 18 2 4 0 0 0 0 0 0 0 0 0 0 0 0 0 0 0 0 0 0 0 
1 0 7 1 1 4 0 5 0 5 6 0 7 3 4 3 0 1 0 3 0 3 2 4 1 4 1 0 0 0 0 0 0 0 0 0 1 0 0 0 0 0 0 0 0 
1 0 0 0 0 3 0 0 0 6 4 0 1 0 1 2 0 3 5 0 0 1 1 2 0 2 0 0 0 0 0 0 0 0 0 0 0 0 1 0 0 0 0 0 0 
1 0 5 0 0 10 1 1 1 7 6 0 5 1 3 3 0 0 4 0 0 4 5 4 2 3 0 0 0 0 0 0 0 0 0 0 0 0 0 0 0 0 0 0 0 
1 0 2 1 2 8 0 1 1 13 9 1 7 1 3 2 0 0 4 1 0 2 1 9 1 2 0 0 2 1 0 0 0 0 0 1 0 0 0 0 0 0 0 0 0 
1 0 1 1 3 3 0 0 0 9 7 1 7 1 1 3 0 1 4 0 0 1 1 7 1 1 0 0 0 0 0 0 1 0 0 0 0 0 0 0 0 0 0 0 0 
1 0 0 2 1 1 3 1 0 9 7 2 6 0 4 3 0 0 1 0 1 1 0 10 1 1 0 0 0 0 0 0 1 0 0 0 0 0 0 0 0 0 0 0 0 
1 0 0 0 0 4 0 0 0 8 7 0 2 1 0 2 0 1 5 0 0 0 0 18 0 0 0 0 0 0 0 0 0 0 0 0 0 0 0 0 0 0 0 0 0 
1 0 1 1 0 9 4 3 0 12 7 2 8 2 2 2 0 0 2 0 0 1 2 7 1 0 0 0 0 0 0 0 0 0 0 0 0 0 2 0 0 0 0 0 0 
1 0 4 0 2 9 2 2 0 15 8 1 9 7 1 3 0 7 3 0 3 5 0 0 1 5 0 0 1 0 0 0 0 0 0 0 0 0 0 0 0 0 0 0 0 
1 2 0 0 3 3 1 1 1 11 13 6 10 0 5 3 2 0 4 0 0 2 2 8 0 3 0 0 0 0 0 0 0 1 0 0 0 0 0 0 0 0 0 0 0 
1 0 1 0 1 10 3 4 0 12 3 0 4 2 2 3 0 1 3 0 0 4 1 1 0 2 0 1 0 0 0 0 0 0 0 0 0 0 0 0 0 0 0 0 0 
1 0 0 0 0 7 0 0 0 7 5 0 9 0 2 2 0 0 7 0 0 4 3 3 0 1 0 0 1 0 0 0 0 0 0 0 0 0 0 0 0 0 0 0 0 
1 0 2 1 2 7 0 1 0 9 7 2 6 4 5 3 0 3 2 1 1 3 2 6 4 4 1 0 0 1 0 0 0 1 0 0 0 0 0 0 0 0 0 0 0 
1 0 3 5 1 7 0 1 2 14 10 3 8 2 2 2 0 2 3 0 1 0 1 12 4 0 0 0 0 0 0 0 1 0 0 0 0 0 0 0 0 0 0 0 0 
1 0 1 0 3 6 2 3 0 12 9 2 6 1 2 2 0 3 5 0 1 4 4 9 0 1 1 0 0 2 0 0 1 2 0 0 0 0 0 0 0 0 0 0 0 
1 0 1 1 1 7 3 1 1 3 3 2 5 3 0 3 0 0 4 0 2 0 2 2 1 2 0 0 1 0 0 0 0 0 0 0 4 0 0 0 0 0 0 0 0 
1 1 1 4 1 4 2 2 0 10 10 3 8 2 2 2 1 0 4 0 0 3 0 9 1 0 0 2 0 1 0 0 0 0 0 0 0 0 0 0 0 0 0 0 0 
1 4 0 1 1 4 1 1 0 14 10 0 6 3 1 6 4 2 0 0 0 3 1 20 2 5 0 0 1 0 0 0 1 0 0 0 2 0 0 0 0 0 0 0 0 
1 0 2 0 2 2 1 4 0 6 12 13 4 3 6 3 0 3 6 2 3 4 1 3 0 2 0 0 0 0 1 0 0 1 0 0 0 0 0 2 0 0 0 0 0 
1 0 0 1 0 3 1 1 0 6 4 0 6 2 0 2 0 1 0 0 0 0 0 8 0 1 0 0 0 0 0 0 0 0 0 0 0 2 0 0 0 0 0 0 0 
1 1 0 1 2 5 4 4 0 12 9 6 9 0 2 3 1 1 5 0 2 0 0 8 2 3 0 2 0 1 0 0 1 0 0 0 2 0 1 0 0 0 0 0 0 
1 0 4 0 1 4 3 4 0 5 5 0 4 5 0 3 0 2 8 1 3 1 3 1 2 0 2 0 0 0 0 0 0 0 0 0 0 0 0 0 0 0 0 0 0 
1 0 2 6 1 3 2 2 0 8 10 3 7 3 5 3 0 2 4 0 0 4 0 8 2 0 0 0 0 0 0 0 1 1 0 0 0 0 0 0 0 0 0 0 0 
1 0 0 0 0 6 0 1 0 5 2 0 6 4 1 3 0 2 3 0 0 1 1 6 0 3 0 0 0 0 0 0 0 0 0 0 0 0 0 0 0 0 0 0 0 
1 0 1 1 1 5 1 0 0 6 4 2 2 4 1 2 0 0 1 0 1 0 0 6 0 2 0 0 0 0 0 0 2 0 0 0 0 0 0 0 0 0 0 0 0 
1 0 3 0 0 4 0 1 0 10 5 1 7 3 3 3 0 0 0 0 1 3 0 15 0 3 0 0 0 1 0 0 0 0 0 0 0 0 0 0 0 0 0 0 0 
1 0 0 1 0 4 0 1 0 10 9 2 10 3 1 2 0 0 2 0 0 2 0 4 0 1 0 0 0 1 0 0 0 1 0 0 2 0 0 0 0 0 0 0 0 
1 0 4 0 1 3 2 1 2 12 6 2 10 1 1 3 0 3 4 0 2 0 3 2 0 5 0 1 0 0 0 0 1 0 0 0 0 0 0 0 0 0 0 0 0 
1 3 0 0 1 2 0 0 0 3 3 14 1 0 11 3 3 0 1 0 4 2 0 25 0 1 0 0 0 0 0 0 0 0 0 0 0 1 0 0 0 0 0 0 0 
1 0 5 1 1 6 3 7 0 13 11 0 9 4 3 3 0 2 4 3 0 1 4 1 1 1 0 0 1 1 2 0 0 0 0 0 0 0 0 0 0 0 0 0 0 
1 1 0 4 1 8 2 1 0 15 8 3 7 5 1 3 1 1 3 0 0 1 0 8 1 1 0 1 0 0 0 0 0 0 0 0 0 1 0 0 0 0 0 0 0 
1 0 2 2 3 5 6 3 0 10 7 2 10 2 1 3 0 2 0 0 0 0 1 7 0 1 0 0 0 0 0 0 0 0 0 0 0 0 0 0 0 0 0 0 1 
1 0 0 0 3 7 1 2 1 16 9 0 8 2 2 3 0 0 4 1 2 2 0 7 1 6 0 0 1 0 1 0 0 0 0 0 0 0 0 0 0 0 0 0 0 
1 2 3 0 2 8 3 4 0 13 7 0 6 3 5 3 2 4 4 1 0 2 0 11 4 4 0 0 1 0 0 0 1 0 0 0 0 0 0 0 0 0 0 0 0 
1 2 1 0 1 7 0 1 0 16 7 0 6 1 4 3 2 3 1 1 3 3 0 12 1 7 1 2 2 0 0 0 1 0 0 0 1 0 0 0 0 0 0 0 0 
0 1 0 2 3 3 2 3 0 9 8 2 7 0 0 2 1 0 3 1 0 2 1 12 0 0 0 0 0 0 0 0 0 0 0 0 0 1 0 0 0 0 0 0 0 
0 0 2 4 1 7 1 3 0 8 10 4 5 6 3 3 0 1 5 2 1 4 1 4 1 0 1 1 0 1 1 0 0 1 0 0 0 0 0 0 0 0 0 0 0 
0 0 3 0 1 5 0 0 0 14 9 2 7 8 5 3 0 3 1 0 0 2 3 0 1 2 1 0 0 1 0 0 0 0 0 0 0 0 0 0 0 0 0 0 0 
0 0 3 0 0 7 2 1 0 7 8 0 6 0 0 2 0 2 5 0 1 2 1 4 0 4 1 1 0 1 0 1 2 0 0 0 0 0 0 0 0 0 0 0 0 
0 0 1 0 0 6 0 0 0 15 8 1 4 4 5 3 0 5 2 0 0 2 1 3 2 2 0 0 0 0 0 0 0 0 0 0 0 0 0 0 0 0 0 0 0 
0 1 4 4 0 9 0 3 0 11 7 1 10 2 5 3 1 1 2 2 0 2 1 0 2 3 1 0 0 0 0 0 0 0 0 0 0 0 0 0 0 0 0 0 0 
0 0 0 0 0 4 0 0 0 7 5 0 2 0 2 2 0 2 4 0 0 2 1 3 0 0 0 0 0 0 0 0 0 0 0 0 0 0 0 0 0 0 0 0 0 
0 0 1 0 1 5 0 2 0 11 5 0 7 2 1 3 0 3 4 2 0 1 1 3 0 2 1 0 0 1 0 0 0 0 0 1 0 0 0 0 0 0 0 0 0 
0 0 9 4 2 7 3 4 0 12 10 0 3 7 1 11 0 3 4 1 3 3 3 1 3 1 0 0 2 1 0 0 0 0 2 0 0 0 0 0 0 0 0 0 0 
0 0 4 3 0 2 1 1 0 9 7 0 3 5 4 3 0 0 1 1 0 0 1 0 0 1 1 1 0 0 1 0 0 0 0 0 0 0 0 0 0 0 0 0 0 
0 0 6 0 4 5 2 3 1 6 8 0 6 11 4 3 0 3 6 0 0 1 5 1 0 2 0 0 1 0 0 0 0 0 0 0 0 0 0 0 0 0 0 0 0 
0 0 4 0 0 4 2 3 0 11 10 1 9 2 0 4 0 1 3 1 0 1 2 6 3 3 0 0 0 2 0 0 0 0 0 0 0 0 0 0 0 0 0 0 0 
0 0 0 4 3 5 0 0 1 14 10 2 12 1 1 3 0 2 1 0 2 1 1 5 0 0 1 0 0 0 0 0 0 0 0 0 0 1 0 0 0 0 0 0 0 
0 0 2 3 1 7 4 3 0 11 5 0 11 5 4 3 0 1 2 1 0 2 0 8 0 1 1 0 0 1 0 0 1 1 0 0 0 0 0 0 0 0 0 0 0 
0 0 0 0 1 2 0 0 0 3 2 0 2 1 0 3 0 0 0 0 0 0 0 1 1 0 0 0 0 0 1 0 1 0 0 0 2 0 0 0 0 0 0 0 0 
0 0 6 0 2 8 2 4 1 8 11 1 7 6 4 3 0 1 3 1 1 3 5 0 0 4 0 0 0 2 0 0 0 0 0 0 2 0 0 0 0 0 0 0 0 
0 1 6 0 1 7 3 7 1 12 8 2 7 8 2 3 1 4 1 5 2 2 1 2 1 1 0 0 0 0 0 0 0 0 0 0 2 0 0 0 0 0 0 0 0 
0 1 8 1 1 9 0 2 1 11 9 0 9 8 1 3 1 4 4 1 3 2 4 1 1 4 1 0 0 1 0 0 0 0 0 0 0 0 0 0 0 0 0 0 0 
0 0 6 5 3 6 2 3 0 12 8 3 5 0 1 3 0 2 2 1 0 4 0 3 3 0 1 0 0 0 0 0 0 0 0 0 0 0 0 0 0 0 0 0 0 
0 0 3 2 0 1 1 2 0 11 6 1 7 2 0 3 0 2 4 0 0 2 1 0 1 1 1 0 1 1 0 0 0 0 0 0 0 0 0 0 0 0 0 0 0 
