1 0.0812086878733217
0 0.0812086878733217
1 0.0952586692480354
1 0.0904932124810799
1 0.0795131311480189
1 0.0897027491503235
1 0.0993704269300336
1 0.0925726701697473
1 0.0996815302591539
1 0.084078824978248
1 0.0870577949622365
1 0.094749589063139
1 0.07015982499023
1 0.100870968870552
1 0.0864275461347752
1 0.0867050786299083
1 0.0729500350641261
1 0.068397775931838
1 0.0882460228365786
1 0.0888592371098604
1 0.083361037294034
1 0.0900341703672632
1 0.0809610159485721
1 0.07736675569055
1 0.078613297660463
1 0.11017416595394
1 0.0904877374334944
1 0.089801330130663
1 0.094681587095225
1 0.110039033692149
1 0.0835902747919846
1 0.0790665468903355
1 0.0999456284373219
1 0.0968429434145835
1 0.0912817101862477
1 0.0775101066126473
1 0.0946755271141935
1 0.0898267518940631
1 0.0701439841675027
1 0.0909873490601779
1 0.0954376141153249
1 0.0867562632929168
1 0.0982751303884719
1 0.0744228994983026
1 0.103458656365141
1 0.0899106781366365
1 0.0912535632873011
1 0.0849042514505303
1 0.0962053535047144
1 0.0831869885441666
1 0.0916366912083001
1 0.0935356349153197
1 0.0938829168517264
1 0.0853639458476314
1 0.0723956199687778
1 0.0738499505816283
1 0.0903958957362855
1 0.0785723108709605
1 0.0915143972477308
1 0.0797646468500509
1 0.0848188520900731
1 0.0941438268308156
1 0.0939203658101546
1 0.0796244231672776
1 0.0846787931180286
1 0.0797624255195793
1 0.0821302175625144
1 0.0881335145864582
1 0.0814544978170468
1 0.0827891072529135
1 0.0862898510233403
1 0.0866485921959041
1 0.0847417496865957
1 0.087705205238569
1 0.0939757246877709
1 0.0946952533614334
1 0.0914561903480789
1 0.0856898016488866
1 0.0968015109885937
1 0.0805704602239902
1 0.0809769271392244
1 0.0822019262100803
1 0.0895429354788164
1 0.10071487899414
1 0.0968395178066223
1 0.0809358788373223
1 0.082150537724158
1 0.105767107702652
1 0.0713196447415792
1 0.0853913622062357
1 0.0789110154996313
1 0.0901562034508796
1 0.0911851974427562
1 0.0766343192921766
1 0.0972961313543752
1 0.0887517169177824
1 0.0878983422711698
1 0.0731390914731316
1 0.0859277920469553
1 0.0895454866492209
1 0.0768194180179775
1 0.093117792307307
1 0.0921552975845983
1 0.0928848586655214
1 0.0883523214937077
1 0.0882165197063879
1 0.0913489833603952
1 0.0836534295949288
1 0.0943095345393228
1 0.0953896221680952
1 0.0865429111629785
1 0.0812357771437015
1 0.0785816762210977
1 0.0804119704028353
1 0.111639750063374
1 0.0793829543869938
1 0.0877586918321558
1 0.0912295353203547
0 0.0825462247572787
0 0.0866878308098935
0 0.081675792306385
0 0.092127385571534
0 0.0917344436957975
0 0.0821831485475716
0 0.0835467407602652
0 0.10106533607646
0 0.0829230429048851
0 0.0832575440653186
0 0.0709743612097805
0 0.0865227097004412
0 0.0919188271377911
0 0.092139194692291
0 0.0839833330684956
0 0.0791734455601085
0 0.0859128696239249
0 0.0854033081247903
0 0.0803873188728585
0 0.0771881743826321
0 0.059336579547512
0 0.105584030799723
0 0.0769628482997179
0 0.0741276345913616
0 0.0706696595595815
0 0.0809047148846161
0 0.0799172529714945
0 0.0802288326148332
0 0.101310006574303
0 0.0727252860022336
0 0.0837890684970302
0 0.0721411564393638
0 0.0751903282219097
0 0.0857752057098062
0 0.0866078988109269
0 0.080324512090989
0 0.0937034958140471
0 0.0914064555542226
0 0.0759132580913982
0 0.0804486278159859
0 0.0838774001410029
0 0.0926848408823913
0 0.0787588338052972
0 0.104077312184309
0 0.0713644311631513
0 0.0808888311741379
0 0.0935631834027946
0 0.0876435814281127
0 0.0786574892562499
0 0.0849302368303183
0 0.0817109748350273
0 0.069449355527247
0 0.126850415295995
0 0.0911039113189459
0 0.0812020045304104
0 0.0868923357234972
0 0.102135200596111
0 0.090296412471771
0 0.0773240597018219
0 0.0885422508621962
0 0.0805816628036976
0 0.0860031318858401
