1 0.043033826938868
1 0.0576143645014262
1 0.0338076033700142
1 0.0283144847094547
1 0.0395821905322394
1 0.0335392860167566
1 0.0362722880631939
1 0.0407513704769365
1 0.0379272100564551
1 0.0475214819560982
1 0.032278011058806
1 0.0461074554452502
1 0.0447852806589889
1 0.0358328237063636
1 0.0454795846666023
1 0.0422713201087251
1 0.0481825471646279
1 0.0375100018798729
1 0.0470208749474298
1 0.0444465956287843
1 0.042337777200807
1 0.0447551887681375
1 0.0456622944448114
1 0.0346300942285809
1 0.0405389376144109
1 0.045482800512839
1 0.0358308917266296
1 0.0381423793635889
1 0.0405111214681154
1 0.0357291371388796
1 0.0435951089268067
1 0.0393504198876428
1 0.040804998841182
1 0.0414750038135412
1 0.0396468007092867
1 0.0342493353827008
1 0.0343305486702603
1 0.0308869712216362
1 0.0324345775637007
1 0.0465827677457136
1 0.039249325743501
1 0.0378259193553678
1 0.0431573191450147
1 0.0354095872348081
1 0.0427426321713524
1 0.0389236562068697
1 0.0338904723236741
1 0.0437976126757447
1 0.0415191682497228
1 0.0443318151528553
1 0.0361673840801362
1 0.0372181520390056
1 0.040170219176484
1 0.0353812427523877
1 0.0366168585990272
1 0.0367803385629476
1 0.0533514282111693
1 0.0439271520338933
1 0.0330077775107379
1 0.0401725274170459
1 0.0404287220592922
1 0.0346368709764134
0 0.0433264803332189
0 0.0409288825609082
0 0.037950857654724
0 0.043174427027784
0 0.0300231578661003
0 0.0430366703012286
0 0.0446704654159632
0 0.0398600467484131
0 0.0441534349136124
0 0.0398816831658582
0 0.03617490669343
0 0.0436027872448145
0 0.0437958955395198
0 0.0434036580037062
0 0.046980130642977
0 0.0431664512632962
0 0.048312084533922
0 0.0370862614493143
0 0.0489023610173386
0 0.0440218088793029
0 0.0403871848771684
0 0.0468580159909833
0 0.0377405977719507
0 0.037634211330288
0 0.0406481843464715
0 0.0474857353002698
0 0.0457748649639585
0 0.0398232424591489
0 0.0473309464393004
0 0.0370938502860211
0 0.0497593605978884
0 0.0411921149529376
0 0.0473735920363525
0 0.0494161357832994
0 0.0412319719288099
0 0.0388203193914448
0 0.0469010101975472
0 0.0417687733141212
0 0.0527564815243537
0 0.0435607145394396
0 0.0363031438011899
0 0.0421244424292427
0 0.0427517647003528
0 0.0599651519921368
0 0.0493380737675775
0 0.0615180128299022
0 0.0446738976313379
0 0.0418316682383672
0 0.0441948301386308
0 0.0461972888314179
0 0.0447348454129809
0 0.050093093866768
0 0.0420614418079882
0 0.0427274581855266
0 0.0450562797343553
0 0.0367946176366291
0 0.0443130793672417
0 0.0556711075877665
0 0.0370868732469367
0 0.0451481282123355
0 0.0410797050529982
0 0.0418473267442216
0 0.04368306052735
0 0.0503038964311648
0 0.0461224819774934
0 0.0421603804963239
0 0.0399845900336582
0 0.0666998184173605
0 0.0411730353232748
0 0.038699427031198
0 0.0531573202587234
0 0.0472841788195973
0 0.0433172102917915
0 0.0387233312216494
0 0.0408646495083457
0 0.0436249947660443
0 0.0464697535553492
0 0.0443269568863353
0 0.0415366013390103
0 0.034337281033068
0 0.0580365511002244
0 0.0391080945052335
0 0.0441607820599596
0 0.0503443686349467
0 0.0438982306684549
0 0.0425451462479841
0 0.0417680292901529
0 0.0429920636733876
0 0.0498280893583291
0 0.0394205727259975
0 0.04213949186777
0 0.0352565518440663
0 0.0465887568821509
0 0.0421373420264366
0 0.049260545479414
0 0.0486416854509254
0 0.0417643349807383
0 0.0542046877642905
0 0.0461878666884095
0 0.0612742437557656
0 0.0509624596611273
0 0.0492677272666136
0 0.0449022854141617
0 0.0463493143111914
0 0.0392015806063933
0 0.0410208626490749
0 0.0488234970856478
0 0.0440429450855211
0 0.055747982245697
0 0.0451140423916861
0 0.0432118944693191
0 0.0984536620457361
0 0.0409570822076994
0 0.0455058732320108
0 0.0451445039773194
0 0.0410235769285653
0 0.0470678874907107
0 0.0408639081118343
0 0.0504236858850448
0 0.0460508637288504
0 0.0403993856617549
0 0.0431577193539109
