1 0.0435668623562923
1 0.0605584370514552
1 0.0646260775193425
1 0.0362079647925733
1 0.0501033165958451
1 0.0482897833746327
1 0.0428698267356867
1 0.05176355742396
1 0.0555444140167422
1 0.0556168597181224
1 0.0421271469476045
1 0.0434994543474528
1 0.034945872428067
1 0.0680046031303746
1 0.0487268866363798
1 0.0478145830582064
1 0.0467003211297388
1 0.0444585747350201
1 0.037019872040412
1 0.0439512585887241
1 0.0521596069277846
1 0.0587058614592873
1 0.0537452374828729
1 0.0425733409924536
1 0.0527501123991481
1 0.046505343958109
1 0.0605745292035559
1 0.0484417722523831
1 0.0419745933425349
1 0.0433735121338931
1 0.0445889382297383
1 0.0503804448468652
1 0.0506760020224209
1 0.0427991851856746
1 0.0649878931647576
1 0.0411620533144072
1 0.0564803092948185
1 0.0456541786952221
1 0.0411980303343393
1 0.0502158269636431
1 0.0432747582259839
1 0.0459832219605966
1 0.0577769832571418
1 0.0532328890671391
1 0.0499013110645907
1 0.0458266775833971
1 0.0572414614366263
1 0.0495254113068224
1 0.0446028627590557
1 0.0481147293863005
1 0.052481952460376
1 0.055929182132373
1 0.049182164570889
1 0.0487376348074088
1 0.0461828709710884
1 0.0457491336652028
1 0.0508721493869066
1 0.0660473648675141
1 0.0499251393825457
1 0.0413142018649749
1 0.052343407604673
1 0.0483997093480687
1 0.0478536625636262
1 0.0609261410368028
1 0.0471021329386366
1 0.0493130222304609
1 0.0573587785731214
1 0.0456779493885923
1 0.0449016881374351
1 0.075737243041128
1 0.0588590097914636
1 0.0506233057426634
1 0.0552739847701441
1 0.05450139387241
1 0.048929946368284
1 0.0441340559976306
1 0.052385134606628
1 0.0468576516745346
1 0.0497466897741552
1 0.0613595457907513
1 0.052242664092672
1 0.0498752578967735
1 0.0397953306923789
1 0.0484906153243524
1 0.0487268866363798
1 0.0557673572953267
1 0.0503076855670854
1 0.059304359284593
1 0.0541692803002841
1 0.0419417601261912
1 0.0449439657872718
1 0.0525253397123318
1 0.0440960183529361
1 0.0520352142471015
0 0.0645175457531035
0 0.0418474620730746
0 0.053960405513355
0 0.0636814658730247
0 0.0598211022166399
0 0.0415018116423692
0 0.0491619903455584
0 0.0601108112946292
0 0.0556134264718105
0 0.0701341788345995
0 0.112542806870773
0 0.068853144894032
0 0.0632995415159135
0 0.0511267274458926
0 0.0591973548660108
0 0.0489032635400302
0 0.0564651961866418
0 0.0781324534504033
0 0.0482879127678102
0 0.097213575761348
0 0.0575380287226432
0 0.0670246974560817
0 0.0461612161033102
0 0.0517105146753288
0 0.0758460017540434
0 0.043636602556621
0 0.0681632686710507
0 0.0615519558590626
0 0.0829364381724404
0 0.0567344976420432
0 0.0739384512191686
0 0.071186576441371
0 0.0692279909642316
0 0.0635629534618525
0 0.0562799192171049
0 0.0402472315215844
0 0.0922763645552952
0 0.057326722893724
0 0.0753937647324421
0 0.0519385625678386
0 0.0497135665740246
0 0.0566745780153397
0 0.102256426781019
0 0.0508380835587245
0 0.0681844958166081
0 0.0538335736861553
0 0.0655666815448144
0 0.0948140625205596
0 0.060287364000303
0 0.0509021170808455
0 0.0479289462273923
0 0.0732754147564351
0 0.0645208576299633
0 0.0925004548418755
0 0.0695901170646182
0 0.0821189007212163
0 0.102423899241904
0 0.0467417778151156
0 0.0552368020590474
0 0.0660565775967743
0 0.0495130087463864
0 0.0640704003422634
0 0.0729957503054217
0 0.0528260156403145
0 0.0652863254787671
0 0.0598242664278566
0 0.104990205322915
0 0.0880850507568985
0 0.0534924115446569
0 0.0478069555908349
0 0.0615909060229688
0 0.044924887143374
0 0.0864153370215679
0 0.0842671787206407
0 0.0634337840791333
0 0.0765911651738009
0 0.0583031219885411
0 0.0701296391248079
0 0.0500499930784368
0 0.0563997893503345
0 0.0670948396982626
0 0.0425023570841905
0 0.0578795854255027
0 0.051533389260279
0 0.058212965843782
0 0.0566802684595817
0 0.0620443776169426
0 0.0711375591001333
0 0.0427435262048875
0 0.0535706240789785
