1 0.0438988238870883
1 0.0545477616327137
1 0.0492803929847884
1 0.0548858368997331
1 0.0512191083782157
1 0.049518536812217
1 0.040691664279351
1 0.0484022815586584
1 0.0554367016411414
1 0.039346483777388
1 0.0506149270426534
1 0.0507519826942442
1 0.0475884935518109
1 0.0453754413775446
1 0.0454041863839654
1 0.0461686590452484
1 0.0485842218784008
0 0.0467404173971092
0 0.046664033035511
0 0.0445039593850068
0 0.0479746740918549
0 0.0451406369374878
0 0.0498883417413107
0 0.0361375853279233
0 0.040951726011877
0 0.0443431614091065
0 0.05334739061809
0 0.0565476323176276
0 0.0521127765906758
0 0.0481245486488063
0 0.0561455653783229
0 0.0463255625855256
0 0.0523164635803226
0 0.0416714583665197
0 0.0477467076906401
0 0.0419786498582237
0 0.047342431636219
0 0.052682930163015
0 0.044198956868293
0 0.0505714118802791
0 0.0501336718409137
0 0.0494798288767968
0 0.0489892848038291
0 0.0487024715927172
0 0.0541675652023063
0 0.0511957351405171
0 0.0525484825755822
0 0.049637283308383
0 0.0545018095843683
0 0.051575202896856
0 0.0451406369374878
0 0.0461701635305467
0 0.0394951553327138
0 0.0409225476881857
0 0.0497662149379064
0 0.0462911725065022
0 0.052682930163015
0 0.0473038967111626
0 0.0526500857224775
0 0.0501131279114004
0 0.0495804046220558
0 0.0569943591267938
0 0.0482357056767643
0 0.0547622328383542
0 0.0417208470430749
0 0.0478619973693849
0 0.0546891736949511
0 0.046038643128079
0 0.0469244739447926
