1 0.0409137188843586
1 0.0582282640563488
1 0.0474083118122233
1 0.0408575333591888
1 0.0438623085606434
1 0.0496316983093943
1 0.0435286227791931
1 0.0489518342489874
1 0.0417590049991278
1 0.0450098802292534
1 0.0427286556128901
1 0.0406120033090075
1 0.0496338649180597
1 0.0538470548719247
1 0.0537724390697163
1 0.0404891987387868
1 0.0529303660520592
1 0.0369589282091358
1 0.0441397250596062
1 0.0547299108208529
1 0.0460983023623579
1 0.0429863915212052
1 0.050717111284939
1 0.0493435892784929
1 0.0520790702456605
1 0.0482659012791118
1 0.0527223865743421
1 0.0452682801938709
1 0.0483854249916218
1 0.0378431075443321
1 0.0415906396655132
1 0.0402929749886432
1 0.048434178060642
1 0.0447518347632625
1 0.0445772316882939
1 0.0530107826322975
1 0.0385782719202285
1 0.0442147931190812
1 0.04989406135452
1 0.0510704436066426
1 0.0329028521212917
1 0.0465506984347916
1 0.0481351711400967
1 0.0451228383699009
1 0.0372248167306921
1 0.0393564869064954
1 0.0508426490619125
1 0.0554691422467693
0 0.0409137188843586
0 0.0431419548786904
0 0.0409290664486828
0 0.0495036745586953
0 0.0468736892709162
0 0.0505770255143377
0 0.0458046020124264
0 0.0525322067794515
0 0.0464467487545867
0 0.0444471028062338
0 0.0488610511268391
0 0.0481531223098206
0 0.0449019247686857
0 0.057029017784657
0 0.0434231629943761
0 0.0509435172756919
0 0.0474856028377931
0 0.0460307488093207
0 0.0428137311581565
0 0.0387203162568009
0 0.0490918809321165
