1 0.0592681681558969
1 0.0586931149753822
1 0.0923332203171517
1 0.0585637664115436
1 0.0717199276396862
1 0.0426294307994951
1 0.110890550463654
1 0.0795865370490965
1 0.0540664734256579
1 0.0562050552729745
1 0.0552708534571252
1 0.0773924415941113
1 0.0799685838286117
1 0.0673541422334276
1 0.0638817441180008
1 0.063966658045175
1 0.0629021370831452
1 0.0686333480788568
1 0.0640529028947818
1 0.0764222592593033
1 0.0499910359530322
1 0.0691373883106871
1 0.0784447212952139
1 0.0574574060084419
1 0.0580729121403093
1 0.0483921447815352
1 0.0545088477561135
1 0.0569647602814364
1 0.0616361290793119
1 0.0692795153931151
1 0.0526784923074011
1 0.0582039068642937
1 0.058531709917069
1 0.0631728268466327
1 0.0676182117589329
1 0.0613074531186227
1 0.0697424978090241
1 0.0650532579291494
1 0.059356839546374
1 0.0570807976193522
1 0.0617272999163586
1 0.0628694371449543
1 0.0567880249987502
1 0.0620521927034965
1 0.0608976340893705
1 0.0606467740152234
1 0.0629110617115562
1 0.0549164783528161
1 0.0551810017325772
1 0.0889834180980357
1 0.0534434557738909
1 0.0563153626546813
1 0.0533755760329209
1 0.0593180813089958
1 0.0634083894563207
1 0.0567928986170186
1 0.0547419969165078
1 0.0495233073474974
1 0.0872873829905263
1 0.0638902788970317
1 0.0531452859418984
1 0.064176217295643
1 0.066722451158496
1 0.0724882690994008
1 0.0679294285310529
1 0.0593523684840733
1 0.0547540369767112
1 0.0578995981837565
1 0.0579419419527515
1 0.057524563889638
1 0.0784322774617315
1 0.0734080826891153
1 0.0679375033849972
1 0.0799533587245623
1 0.0754184158114403
1 0.0534038187970966
1 0.076095763813338
1 0.0534157282636193
1 0.0784307591190126
1 0.0580755657987208
1 0.0573592815628008
1 0.0611425184427988
1 0.0627825558157535
1 0.0634311954384729
1 0.0555111755657381
1 0.0678650966853807
1 0.0619737274481561
1 0.0616888904918618
1 0.0670899850552062
1 0.0635810913071172
1 0.05554155191839
1 0.0807773512045451
1 0.065448904724785
1 0.0537160782212955
1 0.0735142625367132
0 0.0750057939657803
0 0.0858423886474086
0 0.0593371663865651
0 0.0698799840391634
0 0.0646624743775831
0 0.0597456324164361
0 0.0522742189965186
0 0.057487879104806
0 0.0630249439560517
0 0.0666222746727602
0 0.0568483496857119
0 0.0732222270216004
0 0.0577522971197635
0 0.0602097608604924
0 0.0597996512999153
0 0.0560661834939545
0 0.0668995006808127
0 0.0614763555118917
0 0.0857449918470049
0 0.0728380591293153
0 0.0632591934980381
0 0.141655784721539
0 0.0534668850792139
0 0.0717848515786141
0 0.080931601886576
0 0.0520395001441771
0 0.0638413231378405
0 0.0643438600089402
0 0.0751481224947935
0 0.0612550746566474
0 0.0652526613090627
0 0.0690635017456079
0 0.0550331394598782
0 0.0523009983211909
0 0.081400343648543
0 0.0778882424923768
0 0.0775239643225381
0 0.110001702300362
0 0.0593666266770531
0 0.0507753942152665
0 0.0589309108665024
0 0.0542833184707987
0 0.0790379428813849
0 0.0571258853554862
0 0.0605016046709422
0 0.0605194699035032
0 0.086917766584291
0 0.0623880290568021
0 0.0838776953457021
0 0.0645244826112768
0 0.0685515753105263
0 0.0829996904751088
0 0.0585706808815148
0 0.0575868725876627
0 0.0706971205039983
0 0.0575091851016388
0 0.0616551919238898
0 0.0768461756991737
0 0.0641222743358472
0 0.0480558098626931
0 0.0580628478145775
0 0.0741117873662998
0 0.0504514674392238
0 0.0593889779457129
0 0.0975547674680675
0 0.0799866312240733
0 0.0638579796748732
0 0.0620524412543804
0 0.0564537157402504
0 0.0736975581461404
0 0.0671029553104064
0 0.0622864486266275
0 0.063172558822056
0 0.0547129390775992
0 0.0533044764035428
0 0.0616551919238898
0 0.0848300965535509
0 0.0865270733873658
0 0.0567599657098143
0 0.0557668106015056
0 0.056426205850404
0 0.0535891088278227
0 0.0543379575054285
0 0.0588554735779419
0 0.0628595301958767
0 0.0620312964133941
