1 0.0686216979661643
1 0.0490352022465054
1 0.0509596888912526
1 0.0429106275673437
1 0.0589935603390123
1 0.0500786098191005
1 0.0466113949045923
1 0.0578507199212576
1 0.0788193918082681
1 0.038760368562068
1 0.0745865553086779
1 0.0425583330660482
1 0.0515387768142697
1 0.0580588854809264
1 0.0444188113622689
1 0.0432580403424222
1 0.0471462808794259
1 0.0340651000805502
1 0.0850229196120526
1 0.0648947232478992
1 0.0519169431719327
1 0.0392577504537815
1 0.0413851169301768
1 0.0463445581761157
1 0.0406277150054115
1 0.0418687518112169
1 0.0422374137751898
1 0.0416598558985316
1 0.0578948193904011
1 0.050970433169773
1 0.0379815046124919
1 0.0432860583035777
1 0.0461324485696836
1 0.0469098147648464
1 0.044915088855017
1 0.0449152026824808
1 0.0340905531907239
1 0.0472853755287102
1 0.0510784122052816
1 0.0431231801216131
1 0.043364846110837
1 0.0402813571201308
1 0.0470954450371935
1 0.0445577513619687
1 0.0416357857793775
1 0.0411875789295435
1 0.0385352754195226
1 0.0365725276802281
1 0.0528787656302296
1 0.0444124849805514
1 0.0593704191049364
1 0.0429058398552215
1 0.0501774635005006
1 0.042163932916933
0 0.0678222297360765
0 0.0592309752880239
0 0.0444413849336853
0 0.0598456343120663
0 0.0546070856904432
0 0.0580270591177692
0 0.0511552628808267
0 0.0526921103939673
0 0.0466616457028235
0 0.0508615455250524
0 0.0391836349198349
0 0.0397954321557378
0 0.052081932469462
0 0.0592178219404663
0 0.0542160344592687
0 0.0435906632890281
0 0.0525595642475604
0 0.0452402450747759
