1 0.0547515552349808
1 0.0457533109213711
1 0.0581949466820691
1 0.0480423895046536
1 0.05785562693173
1 0.0488627731824957
1 0.0581078777431932
1 0.0509690284264592
1 0.0637248499207054
1 0.0484674405486912
1 0.0433245389355746
1 0.048472157099407
1 0.0470259890009154
1 0.0479320435036446
1 0.0750992021373683
1 0.0507639061613147
1 0.0491367153802927
1 0.0634415507484864
1 0.0507344753104148
1 0.0452423318416015
1 0.047345290974532
1 0.0475021713513476
1 0.0629508955995533
1 0.051101020903609
1 0.043795896935296
1 0.0404239374625566
1 0.0653692817616295
1 0.0532397834669946
1 0.046834005107488
1 0.0590493607758074
1 0.0512411051392627
1 0.0562286141725195
1 0.0420077098014533
1 0.0478141666096308
1 0.0582813325766236
1 0.0506190961021362
1 0.0435344517213622
1 0.0483513371217359
1 0.0564289212931782
1 0.0598982821988346
1 0.0510991482456368
1 0.0475238684242214
1 0.0507131511799952
1 0.0493057691170477
1 0.048446981886469
1 0.056748694918447
1 0.0462895327800613
1 0.0455991228845329
1 0.0575765871976943
1 0.0709862296566302
1 0.0456389332441076
1 0.0688879114162285
1 0.0484811836206111
1 0.0429320289862494
1 0.0549227307635486
1 0.0488242201405778
1 0.0489580050723725
1 0.0727083463155212
1 0.0460280728437391
1 0.049889990993425
1 0.0399701931583695
1 0.0514038869134297
1 0.0469717750589183
1 0.0498580942661285
1 0.0514041196551614
1 0.0549318462126779
1 0.0497511525143663
1 0.0508364715846268
1 0.0517401578403024
1 0.0479853562010265
1 0.0398277804910009
1 0.0479805990084432
1 0.053080823753054
1 0.0438834380476848
1 0.048278169252992
1 0.0459257092050603
1 0.0460306364454971
1 0.046347472251597
1 0.0628510131792756
1 0.0454599299290235
1 0.0399701931583695
1 0.0538165670215823
1 0.0401313609098889
1 0.0546528461856573
1 0.0753082275584314
1 0.0595632594539847
1 0.0453565370182803
1 0.0550478392528546
1 0.0557697966141057
1 0.0444369660209303
1 0.0506573400788046
1 0.0405313207907065
1 0.0490208625968178
1 0.0495441986088042
1 0.0439504307237527
1 0.0458416084697262
1 0.0488579437139884
1 0.0500695268552308
1 0.0580713941236088
1 0.0567303327990369
1 0.0594200058924681
1 0.0597052390420516
1 0.0421985029991074
0 0.0512906523311298
0 0.0540081978018107
0 0.0641637617535617
0 0.0634535423998113
0 0.0459529609684655
0 0.051118777933688
0 0.0528026442678929
0 0.0569219581133535
0 0.0470481353697362
0 0.0439707772606752
0 0.0552887409623821
0 0.0589836408944068
0 0.0633986169530713
0 0.053742253638741
0 0.069680104517352
0 0.0441999444240009
0 0.0400259295395432
0 0.0557236524634732
0 0.0923623535057004
0 0.0479050691173528
0 0.0552524825573366
0 0.063852239341771
0 0.0543372017598312
0 0.0487339193702563
0 0.0568226135220117
0 0.0466470702335491
0 0.0494167849755232
0 0.0638409170217105
0 0.0470407071543066
0 0.0533894977526572
0 0.0451510296972184
0 0.0479917951900338
0 0.0495421217016715
0 0.046282819303586
0 0.0537708971910084
0 0.0456664924951093
0 0.0608636607584116
0 0.0480265593905322
0 0.0572710319861088
0 0.041476266830582
0 0.0467030288635603
0 0.0561835815596058
0 0.0570096232698793
0 0.0512264582839307
0 0.0491398514495798
0 0.0502248799082062
0 0.0573600970971689
0 0.0600399207243093
0 0.0623005369667416
0 0.0758521001359313
0 0.0439780108464766
0 0.050034088884565
0 0.0428592372206903
0 0.0429055725967914
0 0.0567777669820656
0 0.0697504545896543
0 0.0544209930086776
0 0.0604033156964955
0 0.0531272285631566
0 0.0695276937122283
0 0.0621710631408991
0 0.0528984850508598
0 0.0548022390986768
0 0.0517836025551261
0 0.0546531609997656
0 0.0476406176216408
0 0.0621121435683914
0 0.0635924712063646
0 0.0557040725220285
0 0.0589899914936964
0 0.0540896072938151
0 0.0486762248825576
0 0.0540617283723206
0 0.0605852661715043
0 0.0641345982681847
0 0.0410472322547622
0 0.057868500602492
0 0.0507146125635475
0 0.0474786264380117
0 0.0619257934725165
0 0.0506906224213876
0 0.0489210553592785
0 0.0506163263941513
0 0.0564135210272259
0 0.0588676124139263
