0.0812086878733217
0.0812086878733217
0.0952586692480354
0.0904932124810799
0.0795131311480189
0.0897027491503235
0.0993704269300336
0.0925726701697473
0.0996815302591539
0.084078824978248
0.0870577949622365
0.094749589063139
0.07015982499023
0.100870968870552
0.0864275461347752
0.0867050786299083
0.0729500350641261
0.068397775931838
0.0882460228365786
0.0888592371098604
0.083361037294034
0.0900341703672632
0.0809610159485721
0.07736675569055
0.078613297660463
0.11017416595394
0.0904877374334944
0.089801330130663
0.094681587095225
0.110039033692149
0.0835902747919846
0.0790665468903355
0.0999456284373219
0.0968429434145835
0.0912817101862477
0.0775101066126473
0.0946755271141935
0.0898267518940631
0.0701439841675027
0.0909873490601779
0.0954376141153249
0.0867562632929168
0.0982751303884719
0.0744228994983026
0.103458656365141
0.0899106781366365
0.0912535632873011
0.0849042514505303
0.0962053535047144
0.0831869885441666
0.0916366912083001
0.0935356349153197
0.0938829168517264
0.0853639458476314
0.0723956199687778
0.0738499505816283
0.0903958957362855
0.0785723108709605
0.0915143972477308
0.0797646468500509
0.0848188520900731
0.0941438268308156
0.0939203658101546
0.0796244231672776
0.0846787931180286
0.0797624255195793
0.0821302175625144
0.0881335145864582
0.0814544978170468
0.0827891072529135
0.0862898510233403
0.0866485921959041
0.0847417496865957
0.087705205238569
0.0939757246877709
0.0946952533614334
0.0914561903480789
0.0856898016488866
0.0968015109885937
0.0805704602239902
0.0809769271392244
0.0822019262100803
0.0895429354788164
0.10071487899414
0.0968395178066223
0.0809358788373223
0.082150537724158
0.105767107702652
0.0713196447415792
0.0853913622062357
0.0789110154996313
0.0901562034508796
0.0911851974427562
0.0766343192921766
0.0972961313543752
0.0887517169177824
0.0878983422711698
0.0731390914731316
0.0859277920469553
0.0895454866492209
0.0768194180179775
0.093117792307307
0.0921552975845983
0.0928848586655214
0.0883523214937077
0.0882165197063879
0.0913489833603952
0.0836534295949288
0.0943095345393228
0.0953896221680952
0.0865429111629785
0.0812357771437015
0.0785816762210977
0.0804119704028353
0.111639750063374
0.0793829543869938
0.0877586918321558
0.0912295353203547
0.0825462247572787
0.0866878308098935
0.081675792306385
0.092127385571534
0.0917344436957975
0.0821831485475716
0.0835467407602652
0.10106533607646
0.0829230429048851
0.0832575440653186
0.0709743612097805
0.0865227097004412
0.0919188271377911
0.092139194692291
0.0839833330684956
0.0791734455601085
0.0859128696239249
0.0854033081247903
0.0803873188728585
0.0771881743826321
0.059336579547512
0.105584030799723
0.0769628482997179
0.0741276345913616
0.0706696595595815
0.0809047148846161
0.0799172529714945
0.0802288326148332
0.101310006574303
0.0727252860022336
0.0837890684970302
0.0721411564393638
0.0751903282219097
0.0857752057098062
0.0866078988109269
0.080324512090989
0.0937034958140471
0.0914064555542226
0.0759132580913982
0.0804486278159859
0.0838774001410029
0.0926848408823913
0.0787588338052972
0.104077312184309
0.0713644311631513
0.0808888311741379
0.0935631834027946
0.0876435814281127
0.0786574892562499
0.0849302368303183
0.0817109748350273
0.069449355527247
0.126850415295995
0.0911039113189459
0.0812020045304104
0.0868923357234972
0.102135200596111
0.090296412471771
0.0773240597018219
0.0885422508621962
0.0805816628036976
0.0860031318858401
0.0435668623562923
0.0605584370514552
0.0646260775193425
0.0362079647925733
0.0501033165958451
0.0482897833746327
0.0428698267356867
0.05176355742396
0.0555444140167422
0.0556168597181224
0.0421271469476045
0.0434994543474528
0.034945872428067
0.0680046031303746
0.0487268866363798
0.0478145830582064
0.0467003211297388
0.0444585747350201
0.037019872040412
0.0439512585887241
0.0521596069277846
0.0587058614592873
0.0537452374828729
0.0425733409924536
0.0527501123991481
0.046505343958109
0.0605745292035559
0.0484417722523831
0.0419745933425349
0.0433735121338931
0.0445889382297383
0.0503804448468652
0.0506760020224209
0.0427991851856746
0.0649878931647576
0.0411620533144072
0.0564803092948185
0.0456541786952221
0.0411980303343393
0.0502158269636431
0.0432747582259839
0.0459832219605966
0.0577769832571418
0.0532328890671391
0.0499013110645907
0.0458266775833971
0.0572414614366263
0.0495254113068224
0.0446028627590557
0.0481147293863005
0.052481952460376
0.055929182132373
0.049182164570889
0.0487376348074088
0.0461828709710884
0.0457491336652028
0.0508721493869066
0.0660473648675141
0.0499251393825457
0.0413142018649749
0.052343407604673
0.0483997093480687
0.0478536625636262
0.0609261410368028
0.0471021329386366
0.0493130222304609
0.0573587785731214
0.0456779493885923
0.0449016881374351
0.075737243041128
0.0588590097914636
0.0506233057426634
0.0552739847701441
0.05450139387241
0.048929946368284
0.0441340559976306
0.052385134606628
0.0468576516745346
0.0497466897741552
0.0613595457907513
0.052242664092672
0.0498752578967735
0.0397953306923789
0.0484906153243524
0.0487268866363798
0.0557673572953267
0.0503076855670854
0.059304359284593
0.0541692803002841
0.0419417601261912
0.0449439657872718
0.0525253397123318
0.0440960183529361
0.0520352142471015
0.0645175457531035
0.0418474620730746
0.053960405513355
0.0636814658730247
0.0598211022166399
0.0415018116423692
0.0491619903455584
0.0601108112946292
0.0556134264718105
0.0701341788345995
0.112542806870773
0.068853144894032
0.0632995415159135
0.0511267274458926
0.0591973548660108
0.0489032635400302
0.0564651961866418
0.0781324534504033
0.0482879127678102
0.097213575761348
0.0575380287226432
0.0670246974560817
0.0461612161033102
0.0517105146753288
0.0758460017540434
0.043636602556621
0.0681632686710507
0.0615519558590626
0.0829364381724404
0.0567344976420432
0.0739384512191686
0.071186576441371
0.0692279909642316
0.0635629534618525
0.0562799192171049
0.0402472315215844
0.0922763645552952
0.057326722893724
0.0753937647324421
0.0519385625678386
0.0497135665740246
0.0566745780153397
0.102256426781019
0.0508380835587245
0.0681844958166081
0.0538335736861553
0.0655666815448144
0.0948140625205596
0.060287364000303
0.0509021170808455
0.0479289462273923
0.0732754147564351
0.0645208576299633
0.0925004548418755
0.0695901170646182
0.0821189007212163
0.102423899241904
0.0467417778151156
0.0552368020590474
0.0660565775967743
0.0495130087463864
0.0640704003422634
0.0729957503054217
0.0528260156403145
0.0652863254787671
0.0598242664278566
0.104990205322915
0.0880850507568985
0.0534924115446569
0.0478069555908349
0.0615909060229688
0.044924887143374
0.0864153370215679
0.0842671787206407
0.0634337840791333
0.0765911651738009
0.0583031219885411
0.0701296391248079
0.0500499930784368
0.0563997893503345
0.0670948396982626
0.0425023570841905
0.0578795854255027
0.051533389260279
0.058212965843782
0.0566802684595817
0.0620443776169426
0.0711375591001333
0.0427435262048875
0.0535706240789785
0.0438988238870883
0.0545477616327137
0.0492803929847884
0.0548858368997331
0.0512191083782157
0.049518536812217
0.040691664279351
0.0484022815586584
0.0554367016411414
0.039346483777388
0.0506149270426534
0.0507519826942442
0.0475884935518109
0.0453754413775446
0.0454041863839654
0.0461686590452484
0.0485842218784008
0.0467404173971092
0.046664033035511
0.0445039593850068
0.0479746740918549
0.0451406369374878
0.0498883417413107
0.0361375853279233
0.040951726011877
0.0443431614091065
0.05334739061809
0.0565476323176276
0.0521127765906758
0.0481245486488063
0.0561455653783229
0.0463255625855256
0.0523164635803226
0.0416714583665197
0.0477467076906401
0.0419786498582237
0.047342431636219
0.052682930163015
0.044198956868293
0.0505714118802791
0.0501336718409137
0.0494798288767968
0.0489892848038291
0.0487024715927172
0.0541675652023063
0.0511957351405171
0.0525484825755822
0.049637283308383
0.0545018095843683
0.051575202896856
0.0451406369374878
0.0461701635305467
0.0394951553327138
0.0409225476881857
0.0497662149379064
0.0462911725065022
0.052682930163015
0.0473038967111626
0.0526500857224775
0.0501131279114004
0.0495804046220558
0.0569943591267938
0.0482357056767643
0.0547622328383542
0.0417208470430749
0.0478619973693849
0.0546891736949511
0.046038643128079
0.0469244739447926
0.0433736454928309
0.0408803492901163
0.0406575788814143
0.0433383075659683
0.0430013073898434
0.0466484202620448
0.0503122289000214
0.0512228368905356
0.0493634758558047
0.0420369910145746
0.0503685494938484
0.0515367798615431
0.0549263798708962
0.0498108845450435
0.045819602018876
0.04523866854231
0.055389377545751
0.052712365016162
0.0575008196427425
0.0447588819316893
0.0485609040404076
0.0511515341769549
0.0500943220683641
0.0530443785624847
0.0505481777246369
0.0500434686645358
0.0442939254189695
0.0507080845495726
0.0604617370156438
0.0424375830314861
0.0386069822072153
0.0591799292057846
0.0505248501021135
0.0478450603006837
0.0544336699556883
0.0545576385208069
0.0513175542018246
0.0512153046320947
0.0459205153144899
0.0586496111736822
0.0642295553668432
0.0439929316816051
0.0597346343091764
0.0495695141662984
0.0459081631442912
0.0426106288188222
0.0404891405968006
0.0445791006277704
0.0490847816759686
0.0560642024005057
0.0465756786945741
0.0553054357938958
0.0414177560738771
0.0554021447184526
0.0448653806332934
0.05515857106844
0.0618301492025821
0.0449661699011885
0.0458809888598791
0.051116145735241
0.0527020109350838
0.0541640445727496
0.052870923898497
0.0455652013891717
0.0477292013802385
0.0466383556768934
0.0501048783960346
0.0621859791387339
0.04905391207566
0.0527434108287182
0.0451420676918313
0.060931403537683
0.047107327033199
0.0503498421335638
0.0519149207881498
0.0469975987490426
0.0539105502413142
0.0523582487252612
0.0626712586054284
0.0543155695665164
0.0434327962708889
0.0439101781680121
0.0474334550215
0.0459513808011362
0.0502830474869947
0.0447347370623467
0.0584538353267449
0.0534363216224532
0.0558523803062725
0.0474268063415208
0.0535678802489146
0.0544499503728047
0.0501488192426129
0.0406655656682543
0.0512547203890495
0.0527768236983902
0.0466313271647248
0.051065528550608
0.0648464631029173
0.0555263041458833
0.042589167885429
0.0500092192727397
0.0463279814810809
0.0603229299218326
0.0461319846305844
0.0485005383022094
0.0568662253551448
0.0512507208074517
0.0524675940493598
0.0474367187778735
0.0491248421206731
0.0593154900324926
0.0444310976657499
0.0501253627838277
0.0437520504126077
0.0539065543624182
0.0474494952746437
0.0502631447438028
0.0503824619692995
0.0503824619692995
0.044745741594752
0.0437711672046881
0.0399335380035914
0.0448128734306609
0.0535787897620538
0.0436810820212025
0.040893332674636
0.043604002224814
0.0460299025814773
0.0445943186610494
0.0452710443398191
0.060617670626066
0.0469378821098031
0.053140736886733
0.0436864130319261
0.0417587638609003
0.0482288383961259
0.0500214801071669
0.0428464335515296
0.0439451935185214
0.0449902031010824
0.0394044624272163
0.0435510964847538
0.0502140576293402
0.0395789664578068
0.052119809400659
0.0451419298045941
0.0523735274702957
0.046054801089817
0.038732668742651
0.0552685775099398
0.0374872514568124
0.03861460004521
0.0398089179572232
0.0503442835365895
0.0468826130125167
0.0503001749917358
0.0517618454002806
0.0449256119125605
0.0453603427591575
0.0388323008119269
0.0455435691074757
0.0470373762562027
0.0503073896494758
0.0369972965789753
0.0389001555157682
0.0471779112076409
0.0405323813322271
0.0484993982106014
0.0511364569399543
0.054176019695844
0.0447561084690018
0.0467403126955135
0.0458522244442102
0.0489898008682536
0.0453749589621663
0.0445393001293665
0.0490740002360343
0.0457902067566148
0.0455012402733761
0.0380225332187694
0.0658753074131693
0.0408859810209778
0.0534094308399629
0.0579653780370812
0.0429353382426084
0.0490981338031084
0.0427753159134944
0.0462120678727429
0.0390190303907638
0.041442301113793
0.0429199453746966
0.042712997564138
0.0571018130534408
0.0444773318232044
0.0474265707865782
0.0456753350378963
0.0499874503521608
0.0427411081230094
0.0528893150883585
0.048816531107495
0.0578813315381699
0.0415016939973115
0.0464028291768779
0.032083876520622
0.046187072707521
0.0417286669589256
0.0342048816171106
0.038301973290387
0.0381175748470358
0.0482432071992072
0.0490027162027895
0.040632419862694
0.05650260996539
0.052366123646553
0.0606402358958576
0.0442806146435789
0.0484396362230708
0.069166653197078
0.0492084403135143
0.049646644835118
0.0517588863570104
0.048737726052204
0.0414969440899185
0.048860064711239
0.0483242812464481
0.0607633645963871
0.054414813618052
0.0400097958023362
0.0522439975975015
0.0643264078428269
0.044436581209253
0.0607723554821614
0.0422739398638555
0.0513068874120545
0.0451275638241651
0.0570410766830831
0.0567084086317447
0.0500990005682727
0.0445270983092235
0.0442730155829335
0.04455699165555
0.0461232613153695
0.0423149945186832
0.0640733557015846
0.055085553680606
0.0685899030541327
0.0532886836910958
0.0461763841087269
0.0678996560303115
0.0610523381561952
0.0468423008109995
0.0553975446533285
0.0485417233688402
0.05142816595219
0.0420375858234474
0.0392256243340733
0.106273558823502
0.0531259926521547
0.0578444496124748
0.0509684284711053
0.0414366728277542
0.0625918124004317
0.053863818510094
0.0536591390389393
0.0464656866454836
0.0558125894113507
0.0377364546640259
0.0427907774300752
0.045400763537179
0.0631769745158209
0.0523733659386254
0.0424451090492156
0.0436832155338078
0.0480118107919262
0.0445695261474014
0.0521913002192694
0.050712515215597
0.0579249640913751
0.0619127071085744
0.0453347501776173
0.0531766997084811
0.0528954272134839
0.0551108681213925
0.0373953028554109
0.0439314636988577
0.0661340693745691
0.0610003489403535
0.0488868831397443
0.0477940605043121
0.0565762399918006
0.0513675836589122
0.0420929844334395
0.053430036792359
0.0686204124064088
0.0502443329683902
0.039287397696357
0.0474051239052294
0.057094323328989
0.0417631953043571
0.0409137188843586
0.0582282640563488
0.0474083118122233
0.0408575333591888
0.0438623085606434
0.0496316983093943
0.0435286227791931
0.0489518342489874
0.0417590049991278
0.0450098802292534
0.0427286556128901
0.0406120033090075
0.0496338649180597
0.0538470548719247
0.0537724390697163
0.0404891987387868
0.0529303660520592
0.0369589282091358
0.0441397250596062
0.0547299108208529
0.0460983023623579
0.0429863915212052
0.050717111284939
0.0493435892784929
0.0520790702456605
0.0482659012791118
0.0527223865743421
0.0452682801938709
0.0483854249916218
0.0378431075443321
0.0415906396655132
0.0402929749886432
0.048434178060642
0.0447518347632625
0.0445772316882939
0.0530107826322975
0.0385782719202285
0.0442147931190812
0.04989406135452
0.0510704436066426
0.0329028521212917
0.0465506984347916
0.0481351711400967
0.0451228383699009
0.0372248167306921
0.0393564869064954
0.0508426490619125
0.0554691422467693
0.0409137188843586
0.0431419548786904
0.0409290664486828
0.0495036745586953
0.0468736892709162
0.0505770255143377
0.0458046020124264
0.0525322067794515
0.0464467487545867
0.0444471028062338
0.0488610511268391
0.0481531223098206
0.0449019247686857
0.057029017784657
0.0434231629943761
0.0509435172756919
0.0474856028377931
0.0460307488093207
0.0428137311581565
0.0387203162568009
0.0490918809321165
0.0592681681558969
0.0586931149753822
0.0923332203171517
0.0585637664115436
0.0717199276396862
0.0426294307994951
0.110890550463654
0.0795865370490965
0.0540664734256579
0.0562050552729745
0.0552708534571252
0.0773924415941113
0.0799685838286117
0.0673541422334276
0.0638817441180008
0.063966658045175
0.0629021370831452
0.0686333480788568
0.0640529028947818
0.0764222592593033
0.0499910359530322
0.0691373883106871
0.0784447212952139
0.0574574060084419
0.0580729121403093
0.0483921447815352
0.0545088477561135
0.0569647602814364
0.0616361290793119
0.0692795153931151
0.0526784923074011
0.0582039068642937
0.058531709917069
0.0631728268466327
0.0676182117589329
0.0613074531186227
0.0697424978090241
0.0650532579291494
0.059356839546374
0.0570807976193522
0.0617272999163586
0.0628694371449543
0.0567880249987502
0.0620521927034965
0.0608976340893705
0.0606467740152234
0.0629110617115562
0.0549164783528161
0.0551810017325772
0.0889834180980357
0.0534434557738909
0.0563153626546813
0.0533755760329209
0.0593180813089958
0.0634083894563207
0.0567928986170186
0.0547419969165078
0.0495233073474974
0.0872873829905263
0.0638902788970317
0.0531452859418984
0.064176217295643
0.066722451158496
0.0724882690994008
0.0679294285310529
0.0593523684840733
0.0547540369767112
0.0578995981837565
0.0579419419527515
0.057524563889638
0.0784322774617315
0.0734080826891153
0.0679375033849972
0.0799533587245623
0.0754184158114403
0.0534038187970966
0.076095763813338
0.0534157282636193
0.0784307591190126
0.0580755657987208
0.0573592815628008
0.0611425184427988
0.0627825558157535
0.0634311954384729
0.0555111755657381
0.0678650966853807
0.0619737274481561
0.0616888904918618
0.0670899850552062
0.0635810913071172
0.05554155191839
0.0807773512045451
0.065448904724785
0.0537160782212955
0.0735142625367132
0.0750057939657803
0.0858423886474086
0.0593371663865651
0.0698799840391634
0.0646624743775831
0.0597456324164361
0.0522742189965186
0.057487879104806
0.0630249439560517
0.0666222746727602
0.0568483496857119
0.0732222270216004
0.0577522971197635
0.0602097608604924
0.0597996512999153
0.0560661834939545
0.0668995006808127
0.0614763555118917
0.0857449918470049
0.0728380591293153
0.0632591934980381
0.141655784721539
0.0534668850792139
0.0717848515786141
0.080931601886576
0.0520395001441771
0.0638413231378405
0.0643438600089402
0.0751481224947935
0.0612550746566474
0.0652526613090627
0.0690635017456079
0.0550331394598782
0.0523009983211909
0.081400343648543
0.0778882424923768
0.0775239643225381
0.110001702300362
0.0593666266770531
0.0507753942152665
0.0589309108665024
0.0542833184707987
0.0790379428813849
0.0571258853554862
0.0605016046709422
0.0605194699035032
0.086917766584291
0.0623880290568021
0.0838776953457021
0.0645244826112768
0.0685515753105263
0.0829996904751088
0.0585706808815148
0.0575868725876627
0.0706971205039983
0.0575091851016388
0.0616551919238898
0.0768461756991737
0.0641222743358472
0.0480558098626931
0.0580628478145775
0.0741117873662998
0.0504514674392238
0.0593889779457129
0.0975547674680675
0.0799866312240733
0.0638579796748732
0.0620524412543804
0.0564537157402504
0.0736975581461404
0.0671029553104064
0.0622864486266275
0.063172558822056
0.0547129390775992
0.0533044764035428
0.0616551919238898
0.0848300965535509
0.0865270733873658
0.0567599657098143
0.0557668106015056
0.056426205850404
0.0535891088278227
0.0543379575054285
0.0588554735779419
0.0628595301958767
0.0620312964133941
0.0686216979661643
0.0490352022465054
0.0509596888912526
0.0429106275673437
0.0589935603390123
0.0500786098191005
0.0466113949045923
0.0578507199212576
0.0788193918082681
0.038760368562068
0.0745865553086779
0.0425583330660482
0.0515387768142697
0.0580588854809264
0.0444188113622689
0.0432580403424222
0.0471462808794259
0.0340651000805502
0.0850229196120526
0.0648947232478992
0.0519169431719327
0.0392577504537815
0.0413851169301768
0.0463445581761157
0.0406277150054115
0.0418687518112169
0.0422374137751898
0.0416598558985316
0.0578948193904011
0.050970433169773
0.0379815046124919
0.0432860583035777
0.0461324485696836
0.0469098147648464
0.044915088855017
0.0449152026824808
0.0340905531907239
0.0472853755287102
0.0510784122052816
0.0431231801216131
0.043364846110837
0.0402813571201308
0.0470954450371935
0.0445577513619687
0.0416357857793775
0.0411875789295435
0.0385352754195226
0.0365725276802281
0.0528787656302296
0.0444124849805514
0.0593704191049364
0.0429058398552215
0.0501774635005006
0.042163932916933
0.0678222297360765
0.0592309752880239
0.0444413849336853
0.0598456343120663
0.0546070856904432
0.0580270591177692
0.0511552628808267
0.0526921103939673
0.0466616457028235
0.0508615455250524
0.0391836349198349
0.0397954321557378
0.052081932469462
0.0592178219404663
0.0542160344592687
0.0435906632890281
0.0525595642475604
0.0452402450747759
0.0547515552349808
0.0457533109213711
0.0581949466820691
0.0480423895046536
0.05785562693173
0.0488627731824957
0.0581078777431932
0.0509690284264592
0.0637248499207054
0.0484674405486912
0.0433245389355746
0.048472157099407
0.0470259890009154
0.0479320435036446
0.0750992021373683
0.0507639061613147
0.0491367153802927
0.0634415507484864
0.0507344753104148
0.0452423318416015
0.047345290974532
0.0475021713513476
0.0629508955995533
0.051101020903609
0.043795896935296
0.0404239374625566
0.0653692817616295
0.0532397834669946
0.046834005107488
0.0590493607758074
0.0512411051392627
0.0562286141725195
0.0420077098014533
0.0478141666096308
0.0582813325766236
0.0506190961021362
0.0435344517213622
0.0483513371217359
0.0564289212931782
0.0598982821988346
0.0510991482456368
0.0475238684242214
0.0507131511799952
0.0493057691170477
0.048446981886469
0.056748694918447
0.0462895327800613
0.0455991228845329
0.0575765871976943
0.0709862296566302
0.0456389332441076
0.0688879114162285
0.0484811836206111
0.0429320289862494
0.0549227307635486
0.0488242201405778
0.0489580050723725
0.0727083463155212
0.0460280728437391
0.049889990993425
0.0399701931583695
0.0514038869134297
0.0469717750589183
0.0498580942661285
0.0514041196551614
0.0549318462126779
0.0497511525143663
0.0508364715846268
0.0517401578403024
0.0479853562010265
0.0398277804910009
0.0479805990084432
0.053080823753054
0.0438834380476848
0.048278169252992
0.0459257092050603
0.0460306364454971
0.046347472251597
0.0628510131792756
0.0454599299290235
0.0399701931583695
0.0538165670215823
0.0401313609098889
0.0546528461856573
0.0753082275584314
0.0595632594539847
0.0453565370182803
0.0550478392528546
0.0557697966141057
0.0444369660209303
0.0506573400788046
0.0405313207907065
0.0490208625968178
0.0495441986088042
0.0439504307237527
0.0458416084697262
0.0488579437139884
0.0500695268552308
0.0580713941236088
0.0567303327990369
0.0594200058924681
0.0597052390420516
0.0421985029991074
0.0512906523311298
0.0540081978018107
0.0641637617535617
0.0634535423998113
0.0459529609684655
0.051118777933688
0.0528026442678929
0.0569219581133535
0.0470481353697362
0.0439707772606752
0.0552887409623821
0.0589836408944068
0.0633986169530713
0.053742253638741
0.069680104517352
0.0441999444240009
0.0400259295395432
0.0557236524634732
0.0923623535057004
0.0479050691173528
0.0552524825573366
0.063852239341771
0.0543372017598312
0.0487339193702563
0.0568226135220117
0.0466470702335491
0.0494167849755232
0.0638409170217105
0.0470407071543066
0.0533894977526572
0.0451510296972184
0.0479917951900338
0.0495421217016715
0.046282819303586
0.0537708971910084
0.0456664924951093
0.0608636607584116
0.0480265593905322
0.0572710319861088
0.041476266830582
0.0467030288635603
0.0561835815596058
0.0570096232698793
0.0512264582839307
0.0491398514495798
0.0502248799082062
0.0573600970971689
0.0600399207243093
0.0623005369667416
0.0758521001359313
0.0439780108464766
0.050034088884565
0.0428592372206903
0.0429055725967914
0.0567777669820656
0.0697504545896543
0.0544209930086776
0.0604033156964955
0.0531272285631566
0.0695276937122283
0.0621710631408991
0.0528984850508598
0.0548022390986768
0.0517836025551261
0.0546531609997656
0.0476406176216408
0.0621121435683914
0.0635924712063646
0.0557040725220285
0.0589899914936964
0.0540896072938151
0.0486762248825576
0.0540617283723206
0.0605852661715043
0.0641345982681847
0.0410472322547622
0.057868500602492
0.0507146125635475
0.0474786264380117
0.0619257934725165
0.0506906224213876
0.0489210553592785
0.0506163263941513
0.0564135210272259
0.0588676124139263
0.043033826938868
0.0576143645014262
0.0338076033700142
0.0283144847094547
0.0395821905322394
0.0335392860167566
0.0362722880631939
0.0407513704769365
0.0379272100564551
0.0475214819560982
0.032278011058806
0.0461074554452502
0.0447852806589889
0.0358328237063636
0.0454795846666023
0.0422713201087251
0.0481825471646279
0.0375100018798729
0.0470208749474298
0.0444465956287843
0.042337777200807
0.0447551887681375
0.0456622944448114
0.0346300942285809
0.0405389376144109
0.045482800512839
0.0358308917266296
0.0381423793635889
0.0405111214681154
0.0357291371388796
0.0435951089268067
0.0393504198876428
0.040804998841182
0.0414750038135412
0.0396468007092867
0.0342493353827008
0.0343305486702603
0.0308869712216362
0.0324345775637007
0.0465827677457136
0.039249325743501
0.0378259193553678
0.0431573191450147
0.0354095872348081
0.0427426321713524
0.0389236562068697
0.0338904723236741
0.0437976126757447
0.0415191682497228
0.0443318151528553
0.0361673840801362
0.0372181520390056
0.040170219176484
0.0353812427523877
0.0366168585990272
0.0367803385629476
0.0533514282111693
0.0439271520338933
0.0330077775107379
0.0401725274170459
0.0404287220592922
0.0346368709764134
0.0433264803332189
0.0409288825609082
0.037950857654724
0.043174427027784
0.0300231578661003
0.0430366703012286
0.0446704654159632
0.0398600467484131
0.0441534349136124
0.0398816831658582
0.03617490669343
0.0436027872448145
0.0437958955395198
0.0434036580037062
0.046980130642977
0.0431664512632962
0.048312084533922
0.0370862614493143
0.0489023610173386
0.0440218088793029
0.0403871848771684
0.0468580159909833
0.0377405977719507
0.037634211330288
0.0406481843464715
0.0474857353002698
0.0457748649639585
0.0398232424591489
0.0473309464393004
0.0370938502860211
0.0497593605978884
0.0411921149529376
0.0473735920363525
0.0494161357832994
0.0412319719288099
0.0388203193914448
0.0469010101975472
0.0417687733141212
0.0527564815243537
0.0435607145394396
0.0363031438011899
0.0421244424292427
0.0427517647003528
0.0599651519921368
0.0493380737675775
0.0615180128299022
0.0446738976313379
0.0418316682383672
0.0441948301386308
0.0461972888314179
0.0447348454129809
0.050093093866768
0.0420614418079882
0.0427274581855266
0.0450562797343553
0.0367946176366291
0.0443130793672417
0.0556711075877665
0.0370868732469367
0.0451481282123355
0.0410797050529982
0.0418473267442216
0.04368306052735
0.0503038964311648
0.0461224819774934
0.0421603804963239
0.0399845900336582
0.0666998184173605
0.0411730353232748
0.038699427031198
0.0531573202587234
0.0472841788195973
0.0433172102917915
0.0387233312216494
0.0408646495083457
0.0436249947660443
0.0464697535553492
0.0443269568863353
0.0415366013390103
0.034337281033068
0.0580365511002244
0.0391080945052335
0.0441607820599596
0.0503443686349467
0.0438982306684549
0.0425451462479841
0.0417680292901529
0.0429920636733876
0.0498280893583291
0.0394205727259975
0.04213949186777
0.0352565518440663
0.0465887568821509
0.0421373420264366
0.049260545479414
0.0486416854509254
0.0417643349807383
0.0542046877642905
0.0461878666884095
0.0612742437557656
0.0509624596611273
0.0492677272666136
0.0449022854141617
0.0463493143111914
0.0392015806063933
0.0410208626490749
0.0488234970856478
0.0440429450855211
0.055747982245697
0.0451140423916861
0.0432118944693191
0.0984536620457361
0.0409570822076994
0.0455058732320108
0.0451445039773194
0.0410235769285653
0.0470678874907107
0.0408639081118343
0.0504236858850448
0.0460508637288504
0.0403993856617549
0.0431577193539109
